route_id,service_id,trip_id,trip_short_name,direction_id,shape_id,trip_headsign
42954,312741895188,2183,3625,0,,Sacramento
42954,312741895188,2328,3710,1,,Stockton
42954,312741895188,2329,3711,0,,Chico
42954,312741895188,2330,3712,1,,Stockton
42954,312741895188,2331,3713,0,,Redding
42954,312741895188,2334,3716,1,,Stockton
42954,312741895188,2360,3802,1,,Sacramento
42954,312741895188,2362,3810,1,,Stockton
42954,312741895188,2365,3811,0,,Davis
42954,312741895188,2368,3812,1,,Stockton
42954,312741895188,2371,3813,0,,Davis
42954,312741895188,2374,3814,1,,Stockton
42954,312741895188,2377,3815,0,,Davis
42954,312741895188,2383,3819,0,,Davis
42954,312741895188,2401,3865,0,,Stockton
42954,312741895188,2469,3916,1,,Stockton
42954,312741895188,2941,5014,1,,Emeryville
42954,312741895188,3365,5874,1,,Los Angeles
42954,312741895188,3876,6515,0,,Santa Rosa
42954,312741895188,3953,6613,0,,San Francisco
42954,312741895188,3955,6615,0,,San Francisco
42954,312741895188,3956,6616,1,,Emeryville
42954,312741895188,3958,6619,0,,San Francisco
42954,312741895188,11225,6316,1,,Martinez
42954,312741895188,11227,6318,1,,Martinez
42954,312741895188,11231,6313,0,,Arcata
42954,312741895188,14567,5714,1,,Los Angeles
42954,312741895188,14570,5716,1,,Los Angeles
42954,312741895188,14582,5885,0,,Fresno
42954,312741895188,14585,5914,1,,Santa Monica
42954,307441895188,15895,4050,1,,Richmond
42954,307441895188,15898,4051,0,,Charlottesville
42954,312741895188,16195,6092,0,,Tampa
42954,312741895188,16212,6098,0,,Orlando
42954,312741895188,16220,6292,0,,Jacksonville
42954,312741895188,21706,3718,1,,Stockton
42954,312741895188,21797,3768,1,,Stockton
42954,312741895188,27079,3817,0,,Davis
42954,312741895188,27082,6617,0,,San Francisco
42954,312741895188,35404,4968,1,,Palm Springs
42954,312741895188,35407,4984,1,,Indio
42954,312741895188,43895,3816,1,,Stockton
42954,312741895188,46346,5712,1,,Los Angeles
42954,312741895188,46355,5812,1,,Los Angeles
42954,312741895188,46723,5604,0,,Bellingham
42954,312741895188,46726,5677,1,,Seattle
42954,312741895188,46738,5605,1,,Seattle
42954,312741895188,46741,5622,0,,Bellingham
42954,312741895188,46881,5802,1,,Los Angeles
42954,312741895188,46903,5715,0,,Bakersfield
42954,312741895188,46906,5815,0,,Bakersfield
42954,312741895188,46909,5915,0,,Bakersfield
42954,312741895188,46925,5713,0,,Bakersfield
42954,312741895188,46928,5717,0,,Bakersfield
42954,312741895188,46933,5813,0,,Bakersfield
42954,312741895188,46936,5817,0,,Bakersfield
42954,312741895188,47024,6141,0,,Reading
42954,312741895188,47027,6148,1,,Philadelphia
42954,306441895188,47029,6171,0,,Reading
42954,306341895188,47031,6171,0,,Reading
42954,312741895188,47034,6172,1,,Philadelphia
42954,312741895188,49647,3514,1,,Salinas
42954,312741895188,49653,3614,0,,Carmel
42954,306541895188,50513,6255,1,,Providence
42954,306241895188,50515,6255,1,,Providence
42954,306541895188,50517,6256,0,,Worcester
42954,306241895188,50519,6256,0,,Worcester
42954,306541895188,50540,6257,1,,Providence
42954,306241895188,50542,6257,1,,Providence
42954,312741895188,52235,3524,1,,Reno
42954,312741895188,52350,3511,1,,Salinas
42954,312741895188,52353,3611,0,,Carmel
42954,312741895188,53179,4967,0,,Fullerton
42954,312741895188,53183,4985,0,,Fullerton
42954,306241895188,57898,3911,0,,San Jose
42954,306541895188,57899,3911,0,,San Jose
42954,312741895188,57902,3915,0,,San Jose
42954,312741895188,57911,4761,0,,Oakland
42954,312741895188,57914,4765,0,,Oakland
42954,312741895188,57917,4769,0,,Oakland
42954,312741895188,57920,4770,1,,Santa Barbara
42954,112750025188,60403,5402,1,,San Bernardino
42954,112750025188,60406,5412,1,,San Bernardino
42954,112750025188,60409,5415,0,,Bakersfield
42954,212741894366,60401,5402,1,,San Bernardino
42954,100850015001,60402,5402,1,,San Bernardino
42954,212741894366,60404,5412,1,,San Bernardino
42954,100850015001,60405,5412,1,,San Bernardino
42954,212741894366,60407,5415,0,,Bakersfield
42954,100850015001,60408,5415,0,,Bakersfield
42954,312741895188,62017,4784,1,,Santa Barbara
42954,312741895188,62020,4785,0,,Oakland
42954,312741895188,62023,4790,1,,Santa Barbara
42954,312741895188,62038,4794,1,,San Luis Obispo
42954,312741895188,62041,5011,0,,San Francisco
42954,312741895188,62044,6611,0,,San Francisco
42954,312741895188,62047,6614,1,,Emeryville
42954,312741895188,62580,6265,0,,Providence
42954,312741895188,62582,6267,0,,Providence
42954,312741895188,62584,6269,0,,Providence
42954,312741895188,62586,6266,1,,New Bedford
42954,312741895188,62588,6268,1,,New Bedford
42954,312741895188,62590,6270,1,,New Bedford
42954,312741895188,64593,6311,0,,Arcata
42954,312741895188,64599,6513,0,,Napa
42954,312741895188,64602,6516,1,,Martinez
42954,312741895188,64605,6517,0,,Santa Rosa
42954,312741895188,64608,6518,1,,Martinez
42954,312741895188,65533,3715,0,,Redding
42954,312741895188,65668,3549,0,,Sacramento
42954,112750705188,68563,5005,0,,San Francisco
42954,212741895067,68561,5005,0,,San Francisco
42954,109650685069,68562,5005,0,,San Francisco
42954,112750695188,69897,6091,1,,Fort Myers
42954,112750695188,69900,6097,1,,Fort Myers
42954,112750695188,69903,6291,1,,Lakeland
42954,212741895067,69895,6091,1,,Fort Myers
42954,106450685068,69896,6091,1,,Fort Myers
42954,212741895067,69898,6097,1,,Fort Myers
42954,106450685068,69899,6097,1,,Fort Myers
42954,212741895067,69901,6291,1,,Lakeland
42954,106450685068,69902,6291,1,,Lakeland
42954,312741895188,69928,6048,1,,Toledo
42954,112750695188,69931,6049,0,,East Lansing
42954,212741895067,69929,6049,0,,East Lansing
42954,106450685068,69930,6049,0,,East Lansing
42954,306441895188,70011,6258,0,,Worcester
42954,306241895188,70012,6258,0,,Worcester
42954,300141895188,70013,6258,0,,Worcester
42954,306241895188,70014,6259,1,,Providence
42954,300141895188,70015,6259,1,,Providence
42954,306441895188,70017,6259,1,,Providence
42954,306241895188,70019,6260,0,,Worcester
42954,306541895188,70020,6260,0,,Worcester
42954,312741895188,70127,3910,1,,Stockton
42954,312741895188,70133,5710,1,,Los Angeles
42954,312741895188,70136,5810,1,,Los Angeles
42954,312741895188,70139,5910,1,,Santa Monica
42954,312741895188,70144,6510,1,,Martinez
42954,312741895188,70149,6610,1,,Emeryville
42954,312741895188,71492,5811,0,,Bakersfield
42954,312741895188,71509,5818,1,,San Diego
42954,106242475188,73290,3534,1,,Sparks
42954,106242475188,73295,3536,1,,Auburn
42954,106242475188,73300,3541,0,,Sacramento
42954,306541895188,73301,3584,1,,Sparks
42954,306541895188,73304,3587,0,,Sacramento
42954,106242475188,73311,3623,0,,Sacramento
42954,106242475188,73316,3642,1,,Auburn
42954,106242475188,73321,3646,1,,Auburn
42954,306541895188,73330,5006,1,,Emeryville
42954,106242475188,73353,6612,1,,Emeryville
42954,106242475188,73358,6621,0,,San Francisco
42954,106242475188,73363,6623,0,,San Francisco
42954,106242475188,73368,6624,1,,Emeryville
42954,106242475188,73373,6625,0,,San Francisco
42954,106242475188,73378,6627,0,,San Francisco
42954,106242475188,73383,6628,1,,Emeryville
42954,106242475188,73388,6629,0,,San Francisco
42954,106242475188,73393,6631,0,,San Francisco
42954,106242475188,73398,6632,1,,Emeryville
42954,106242475188,73403,6634,1,,Emeryville
42954,106242475188,73408,6636,1,,Emeryville
42954,306541895188,73409,6637,0,,San Francisco
42954,106242475188,73416,6638,1,,Emeryville
42954,106242475188,73421,6640,1,,Emeryville
42954,106242475188,73426,6641,0,,San Francisco
42954,106242475188,73436,6643,0,,San Francisco
42954,106242475188,73441,6644,1,,Emeryville
42954,106242475188,73446,6645,0,,San Francisco
42954,106242475188,73451,6646,1,,Emeryville
42954,106242475188,73456,6647,0,,San Francisco
42954,106242475188,73461,6648,1,,Emeryville
42954,106242475188,73466,6649,0,,San Francisco
42954,106242475188,73471,6651,0,,San Francisco
42954,306541895188,73472,6653,0,,San Francisco
42954,306541895188,73475,6668,1,,Emeryville
42954,306541895188,73478,6670,1,,Emeryville
42954,306541895188,73481,6673,0,,San Francisco
42954,306541895188,73484,6674,1,,Emeryville
42954,306541895188,73487,6677,0,,San Francisco
42954,306541895188,73490,6678,1,,Emeryville
42954,306541895188,73493,6679,0,,San Francisco
42954,306541895188,73496,6682,1,,Emeryville
42954,306541895188,73499,6683,0,,San Francisco
42954,306541895188,73502,6684,1,,Emeryville
42954,306541895188,73505,6686,1,,Emeryville
42954,306541895188,73508,6691,0,,San Francisco
42954,306541895188,73511,6692,1,,Emeryville
42954,306541895188,73514,6693,0,,San Francisco
42954,306541895188,73517,6694,1,,Emeryville
42954,306541895188,73520,6695,0,,San Francisco
42954,306541895188,73523,6696,1,,Emeryville
42954,306541895188,73526,6697,0,,San Francisco
42954,306541895188,73529,6698,1,,Emeryville
42954,306541895188,73532,6699,0,,San Francisco
42954,206241894243,73288,3534,1,,Sparks
42954,206241894243,73293,3536,1,,Auburn
42954,206241894243,73298,3541,0,,Sacramento
42954,103242464246,73303,3584,1,,Sparks
42954,103242464246,73306,3587,0,,Sacramento
42954,206241894243,73309,3623,0,,Sacramento
42954,206241894243,73314,3642,1,,Auburn
42954,206241894243,73319,3646,1,,Auburn
42954,103242464246,73332,5006,1,,Emeryville
42954,206241894243,73351,6612,1,,Emeryville
42954,206241894243,73356,6621,0,,San Francisco
42954,206241894243,73361,6623,0,,San Francisco
42954,206241894243,73366,6624,1,,Emeryville
42954,206241894243,73371,6625,0,,San Francisco
42954,206241894243,73376,6627,0,,San Francisco
42954,206241894243,73381,6628,1,,Emeryville
42954,206241894243,73386,6629,0,,San Francisco
42954,206241894243,73391,6631,0,,San Francisco
42954,206241894243,73396,6632,1,,Emeryville
42954,206241894243,73401,6634,1,,Emeryville
42954,206241894243,73406,6636,1,,Emeryville
42954,103242464246,73411,6637,0,,San Francisco
42954,206241894243,73414,6638,1,,Emeryville
42954,206241894243,73419,6640,1,,Emeryville
42954,206241894243,73424,6641,0,,San Francisco
42954,206241894243,73434,6643,0,,San Francisco
42954,206241894243,73439,6644,1,,Emeryville
42954,206241894243,73444,6645,0,,San Francisco
42954,206241894243,73449,6646,1,,Emeryville
42954,206241894243,73454,6647,0,,San Francisco
42954,206241894243,73459,6648,1,,Emeryville
42954,206241894243,73464,6649,0,,San Francisco
42954,206241894243,73469,6651,0,,San Francisco
42954,103242464246,73474,6653,0,,San Francisco
42954,103242464246,73477,6668,1,,Emeryville
42954,103242464246,73480,6670,1,,Emeryville
42954,103242464246,73483,6673,0,,San Francisco
42954,103242464246,73486,6674,1,,Emeryville
42954,103242464246,73489,6677,0,,San Francisco
42954,103242464246,73492,6678,1,,Emeryville
42954,103242464246,73495,6679,0,,San Francisco
42954,103242464246,73498,6682,1,,Emeryville
42954,103242464246,73501,6683,0,,San Francisco
42954,103242464246,73504,6684,1,,Emeryville
42954,103242464246,73507,6686,1,,Emeryville
42954,103242464246,73510,6691,0,,San Francisco
42954,103242464246,73513,6692,1,,Emeryville
42954,103242464246,73516,6693,0,,San Francisco
42954,103242464246,73519,6694,1,,Emeryville
42954,103242464246,73522,6695,0,,San Francisco
42954,103242464246,73525,6696,1,,Emeryville
42954,103242464246,73528,6697,0,,San Francisco
42954,103242464246,73531,6698,1,,Emeryville
42954,103242464246,73534,6699,0,,San Francisco
42954,306541895188,75355,6065,1,,Virginia Beach
42954,106242475188,75362,6067,1,,Virginia Beach
42954,106242475188,75367,6084,0,,Norfolk
42954,306541895188,75368,6087,0,,Newport News
42954,306541895188,75371,6088,0,,Norfolk
42954,106242475188,75378,6093,0,,Newport News
42954,106242475188,75383,6094,0,,Norfolk
42954,106242475188,75388,6095,1,,Virginia Beach
42954,106442525188,75393,6096,0,,Newport News
42954,306541895188,75394,6099,1,,Virginia Beach
42954,306541895188,75397,6124,0,,Newport News
42954,106242475188,75404,6125,1,,Virginia Beach
42954,306541895188,75405,6153,1,,Virginia Beach
42954,306441895188,75408,6157,1,,Virginia Beach
42954,306541895188,75411,6158,0,,Norfolk
42954,106242475188,75418,6185,1,,Virginia Beach
42954,106242475188,75423,6186,0,,Newport News
42954,306541895188,75424,6187,1,,Virginia Beach
42954,306541895188,75427,6188,0,,Norfolk
42954,106242475188,75434,6193,1,,Virginia Beach
42954,300141895188,75435,6194,0,,Newport News
42954,106242475188,75442,6285,1,,Newport News
42954,106242475188,75447,6394,0,,Norfolk
42954,306541895188,75453,6453,1,,Newport News
42954,103242464246,75357,6065,1,,Virginia Beach
42954,206241894243,75360,6067,1,,Virginia Beach
42954,206241894243,75365,6084,0,,Norfolk
42954,103242464246,75370,6087,0,,Newport News
42954,103242464246,75373,6088,0,,Norfolk
42954,206241894243,75376,6093,0,,Newport News
42954,206241894243,75381,6094,0,,Norfolk
42954,206241894243,75386,6095,1,,Virginia Beach
42954,206441894238,75389,6096,0,,Newport News
42954,103242464246,75392,6096,0,,Newport News
42954,103242464246,75396,6099,1,,Virginia Beach
42954,103242464246,75399,6124,0,,Newport News
42954,206241894243,75402,6125,1,,Virginia Beach
42954,103242464246,75407,6153,1,,Virginia Beach
42954,103242464246,75410,6157,1,,Virginia Beach
42954,103242464246,75413,6158,0,,Norfolk
42954,206241894243,75416,6185,1,,Virginia Beach
42954,206241894243,75421,6186,0,,Newport News
42954,103242464246,75426,6187,1,,Virginia Beach
42954,103242464246,75429,6188,0,,Norfolk
42954,206241894243,75432,6193,1,,Virginia Beach
42954,106442454245,75437,6194,0,,Newport News
42954,206241894243,75440,6285,1,,Newport News
42954,206241894243,75445,6394,0,,Norfolk
42954,103242464246,75455,6453,1,,Newport News
42954,106242475188,78213,6642,1,,Emeryville
42954,206241894243,78211,6642,1,,Emeryville
42954,106242475188,80607,6438,0,,Norfolk
42954,206241894243,80605,6438,0,,Norfolk
42954,312741895188,81201,6332,1,,Milwaukee
42954,112742115188,81212,6339,0,,Green Bay
42954,212741894203,81210,6339,0,,Green Bay
42954,112742044210,81211,6339,0,,Green Bay
42954,112742115188,81241,6331,0,,Green Bay
42954,112742115188,81248,6340,1,,Milwaukee
42954,212741894203,81239,6331,0,,Green Bay
42954,112742044210,81240,6331,0,,Green Bay
42954,212741894203,81246,6340,1,,Milwaukee
42954,112742044210,81247,6340,1,,Milwaukee
42954,112750025188,81406,5419,0,,Bakersfield
42954,112742475188,81410,5703,0,,Bakersfield
42954,112742475188,81414,5719,0,,Bakersfield
42954,112742475188,81418,5919,0,,Bakersfield
42954,212741894242,81401,5419,0,,Bakersfield
42954,103442434246,81402,5419,0,,Bakersfield
42954,106542444245,81403,5419,0,,Bakersfield
42954,112742474366,81404,5419,0,,Bakersfield
42954,100850015001,81405,5419,0,,Bakersfield
42954,212741894242,81407,5703,0,,Bakersfield
42954,103442434246,81408,5703,0,,Bakersfield
42954,106542444245,81409,5703,0,,Bakersfield
42954,212741894242,81411,5719,0,,Bakersfield
42954,103442434246,81412,5719,0,,Bakersfield
42954,106542444245,81413,5719,0,,Bakersfield
42954,212741894242,81415,5919,0,,Bakersfield
42954,103442434246,81416,5919,0,,Bakersfield
42954,106542444245,81417,5919,0,,Bakersfield
42954,112741995188,81901,6122,0,,Longview
42954,111541944198,81900,6122,0,,Longview
42954,112750695188,81917,6421,0,,Longview
42954,212741895067,81915,6421,0,,Longview
42954,106450685068,81916,6421,0,,Longview
42954,112750695188,81961,6121,1,,Shreveport
42954,112741995188,81965,6422,1,,Shreveport
42954,212741895067,81959,6121,1,,Shreveport
42954,106450685068,81960,6121,1,,Shreveport
42954,111541944198,81964,6422,1,,Shreveport
42954,112750695188,81977,6021,1,,Houston
42954,312741895188,81980,6022,0,,Longview
42954,212741895067,81975,6021,1,,Houston
42954,106450685068,81976,6021,1,,Houston
42954,312741895188,82402,5702,1,,Los Angeles
42933,312741895188,3421,6005,1,,Fraser
42933,312741895188,3422,6006,1,,Fraser
42933,312741895188,3668,6205,1,,Winter Park
42933,312741895188,3669,6206,1,,Winter Park
42985,306241895188,6689,9406,0,,Baltimore
42985,306441895188,6948,9484,0,,Baltimore
42985,306441895188,6958,9488,0,,Baltimore
42985,306441895188,6968,9493,1,,Washington
42985,306241895188,7040,9534,0,,Perryville
42985,306241895188,7071,9550,0,,Perryville
42985,306241895188,7088,9583,1,,Baltimore
42985,306241895188,7091,9585,1,,Baltimore
42985,306241895188,7143,9638,1,,Old Saybrook
42985,306241895188,7171,9652,0,,Perryville
42985,306241895188,7172,9654,0,,Perryville
42985,306241895188,7186,9679,1,,Washington
42985,306441895188,7193,9683,1,,Washington
42985,306441895188,33514,9478,0,,Baltimore
42985,306241895188,43571,9587,1,,Baltimore
42985,306441895188,62778,9486,0,,Baltimore
42985,300241895188,67953,9452,0,,Baltimore
42985,300241895188,67955,9453,1,,Washington
42985,300141895188,68103,9476,0,,Baltimore
42985,300141895188,68105,9480,0,,Baltimore
42985,300141895188,68107,9481,1,,Washington
42985,306541895188,68109,9482,0,,Baltimore
42985,306541895188,68112,9487,1,,Washington
42985,306541895188,68115,9490,0,,Baltimore
42985,306541895188,68117,9491,1,,Washington
42985,300141895188,68120,9492,0,,Baltimore
42985,300141895188,68123,9494,0,,Baltimore
42985,306541895188,68125,9495,1,,Washington
42985,300141895188,68129,9499,1,,Washington
42985,300141895188,68139,9698,0,,Martin Airport
42985,106242475188,68937,9403,1,,Washington
42985,106242475188,68954,9407,1,,Washington
42985,106242475188,68981,9410,0,,Baltimore
42985,106242475188,68998,9413,1,,Washington
42985,106242475188,69005,9414,0,,Baltimore
42985,106242475188,69022,9416,0,,Baltimore
42985,106242475188,69049,9421,1,,Washington
42985,106242475188,69076,9424,0,,Baltimore
42985,106242475188,69091,9427,1,,Washington
42985,106242475188,69098,9428,0,,Baltimore
42985,106242475188,69125,9431,1,,Washington
42985,106242475188,69142,9435,1,,Washington
42985,106242475188,69149,9438,0,,Baltimore
42985,106242475188,69166,9440,0,,Baltimore
42985,106242475188,69173,9443,1,,Washington
42985,106242475188,69210,9448,0,,Baltimore
42985,106242475188,69217,9449,1,,Washington
42985,106242475188,69234,9502,0,,Perryville
42985,106242475188,69251,9511,1,,Washington
42985,106242475188,69258,9517,1,,Washington
42985,106242475188,69265,9520,0,,Perryville
42985,106242475188,69272,9525,1,,Washington
42985,106242475188,69299,9537,1,,Washington
42985,106242475188,69353,9612,0,,Martin Airport
42985,106242475188,69370,9634,0,,Martin Airport
42985,106242475188,69377,9641,0,,Washington
42985,106242475188,69384,9642,0,,Martin Airport
42985,206241894243,68935,9403,1,,Washington
42985,206241894243,68952,9407,1,,Washington
42985,206241894243,68979,9410,0,,Baltimore
42985,206241894243,68996,9413,1,,Washington
42985,206241894243,69003,9414,0,,Baltimore
42985,206241894243,69020,9416,0,,Baltimore
42985,206241894243,69047,9421,1,,Washington
42985,206241894243,69074,9424,0,,Baltimore
42985,206241894243,69089,9427,1,,Washington
42985,206241894243,69096,9428,0,,Baltimore
42985,206241894243,69123,9431,1,,Washington
42985,206241894243,69140,9435,1,,Washington
42985,206241894243,69147,9438,0,,Baltimore
42985,206241894243,69164,9440,0,,Baltimore
42985,206241894243,69171,9443,1,,Washington
42985,206241894243,69208,9448,0,,Baltimore
42985,206241894243,69215,9449,1,,Washington
42985,206241894243,69232,9502,0,,Perryville
42985,206241894243,69249,9511,1,,Washington
42985,206241894243,69256,9517,1,,Washington
42985,206241894243,69263,9520,0,,Perryville
42985,206241894243,69270,9525,1,,Washington
42985,206241894243,69297,9537,1,,Washington
42985,206241894243,69351,9612,0,,Martin Airport
42985,206241894243,69368,9634,0,,Martin Airport
42985,206241894243,69375,9641,0,,Washington
42985,206241894243,69382,9642,0,,Martin Airport
42985,106242895188,69435,9401,1,,Washington
42985,106242895188,69447,9409,1,,Washington
42985,106242895188,69459,9415,1,,Washington
42985,106242895188,69471,9419,1,,Washington
42985,106242895188,69483,9423,1,,Washington
42985,106242895188,69505,9429,1,,Washington
42985,106242895188,69517,9433,1,,Washington
42985,106242895188,69529,9439,1,,Washington
42985,106242895188,69541,9445,1,,Washington
42985,106242895188,69565,9451,1,,Washington
42985,106242895188,69577,9505,1,,Washington
42985,106242895188,69589,9579,1,,Baltimore
42985,106242895188,69601,9613,1,,Baltimore
42985,206241894243,69431,9401,1,,Washington
42985,106242474285,69433,9401,1,,Washington
42985,206241894243,69443,9409,1,,Washington
42985,106242474285,69445,9409,1,,Washington
42985,206241894243,69455,9415,1,,Washington
42985,106242474285,69457,9415,1,,Washington
42985,206241894243,69467,9419,1,,Washington
42985,106242474285,69469,9419,1,,Washington
42985,206241894243,69479,9423,1,,Washington
42985,106242474285,69481,9423,1,,Washington
42985,206241894243,69501,9429,1,,Washington
42985,106242474285,69503,9429,1,,Washington
42985,206241894243,69513,9433,1,,Washington
42985,106242474285,69515,9433,1,,Washington
42985,206241894243,69525,9439,1,,Washington
42985,106242474285,69527,9439,1,,Washington
42985,206241894243,69537,9445,1,,Washington
42985,106242474285,69539,9445,1,,Washington
42985,206241894243,69561,9451,1,,Washington
42985,106242474285,69563,9451,1,,Washington
42985,206241894243,69573,9505,1,,Washington
42985,106242474285,69575,9505,1,,Washington
42985,206241894243,69585,9579,1,,Baltimore
42985,106242474285,69587,9579,1,,Baltimore
42985,206241894243,69597,9613,1,,Baltimore
42985,106242474285,69599,9613,1,,Baltimore
42985,106242895188,69613,9400,0,,Baltimore
42985,106242895188,69625,9404,0,,Baltimore
42985,106242895188,69637,9408,0,,Baltimore
42985,106242895188,69649,9412,0,,Baltimore
42985,106242895188,69661,9418,0,,Baltimore
42985,106242895188,69673,9422,0,,Baltimore
42985,106242895188,69685,9430,0,,Baltimore
42985,106242895188,69697,9446,0,,Baltimore
42985,106242895188,69709,9532,0,,Perryville
42985,106242895188,69733,9548,0,,Perryville
42985,106242895188,69745,9554,0,,Perryville
42985,106242895188,69757,9610,0,,Martin Airport
42985,206241894243,69609,9400,0,,Baltimore
42985,106242474285,69611,9400,0,,Baltimore
42985,206241894243,69621,9404,0,,Baltimore
42985,106242474285,69623,9404,0,,Baltimore
42985,206241894243,69633,9408,0,,Baltimore
42985,106242474285,69635,9408,0,,Baltimore
42985,206241894243,69645,9412,0,,Baltimore
42985,106242474285,69647,9412,0,,Baltimore
42985,206241894243,69657,9418,0,,Baltimore
42985,106242474285,69659,9418,0,,Baltimore
42985,206241894243,69669,9422,0,,Baltimore
42985,106242474285,69671,9422,0,,Baltimore
42985,206241894243,69681,9430,0,,Baltimore
42985,106242474285,69683,9430,0,,Baltimore
42985,206241894243,69693,9446,0,,Baltimore
42985,106242474285,69695,9446,0,,Baltimore
42985,206241894243,69705,9532,0,,Perryville
42985,106242474285,69707,9532,0,,Perryville
42985,206241894243,69729,9548,0,,Perryville
42985,106242474285,69731,9548,0,,Perryville
42985,206241894243,69741,9554,0,,Perryville
42985,106242474285,69743,9554,0,,Perryville
42985,206241894243,69753,9610,0,,Martin Airport
42985,106242474285,69755,9610,0,,Martin Airport
42985,106242475188,69765,9426,0,,Baltimore
42985,106042475188,69774,9455,1,,Washington
42985,206241894243,69763,9426,0,,Baltimore
42985,206041894242,69772,9455,1,,Washington
42985,106442315188,79409,9485,1,,Washington
42985,100142305188,79413,9497,1,,Washington
42985,100142305188,79417,9675,1,,Washington
42985,106442315188,79420,9677,1,,Washington
42985,106442315188,79423,9681,1,,Washington
42985,100142305188,79427,9689,1,,Washington
42985,106442315188,79430,9692,0,,Martin Airport
42985,100142305188,79434,9685,1,,Washington
42985,106441964224,79408,9485,1,,Washington
42985,100141954223,79412,9497,1,,Washington
42985,100141954223,79416,9675,1,,Washington
42985,106441964224,79419,9677,1,,Washington
42985,106441964224,79422,9681,1,,Washington
42985,100141954223,79426,9689,1,,Washington
42985,106441964224,79429,9692,0,,Martin Airport
42985,100141954223,79433,9685,1,,Washington
42985,100142305188,79438,9688,0,,Martin Airport
42985,106442315188,79441,9694,0,,Martin Airport
42985,100142305188,79445,9696,0,,Martin Airport
42985,100141954223,79437,9688,0,,Martin Airport
42985,106441964224,79440,9694,0,,Martin Airport
42985,100141954223,79444,9696,0,,Martin Airport
42985,106242895188,79878,9536,0,,Perryville
42985,106242475188,79884,9544,0,,Perryville
42985,206241894243,79874,9536,0,,Perryville
42985,106242474285,79876,9536,0,,Perryville
42985,206241894243,79882,9544,0,,Perryville
42985,106242895188,79894,9447,1,,Washington
42985,206241894243,79890,9447,1,,Washington
42985,106242474285,79892,9447,1,,Washington
36930,104150695188,82082,1,0,269,Los Angeles
36930,104141954304,82079,1,0,269,Los Angeles
36930,104143075064,82080,1,0,269,Los Angeles
36930,100150675067,82081,1,0,269,Los Angeles
36930,107450685188,82575,2,1,271,New Orleans
36930,206641894194,82570,2,1,,San Antonio
36930,107441964304,82572,2,1,271,New Orleans
36930,100243064306,82573,2,1,271,New Orleans
36930,107443085066,82574,2,1,271,New Orleans
88,100142305188,76065,82,0,,Boston
88,200141894223,76063,82,0,,Boston
88,106442454245,76066,82,0,264,Boston
88,100143005188,76149,147,1,,Roanoke
88,200141894223,76145,147,1,,Roanoke
88,100142304293,76147,147,1,,Roanoke
88,106442454245,76148,147,1,,Roanoke
88,106242475188,76350,174,0,90,Boston
88,106242475188,76362,94,0,,Boston
88,206241894222,76347,174,0,90,Boston
88,106242254243,76348,174,0,90,Boston
88,206241894222,76359,94,0,,Boston
88,106242254243,76360,94,0,,Boston
88,106242475188,76373,172,0,264,Boston
88,106242475188,76379,176,0,264,Boston
88,206241894243,76371,172,0,264,Boston
88,206241894222,76376,176,0,264,Boston
88,106242254243,76377,176,0,264,Boston
88,106242475188,76385,184,0,264,Boston
88,206241894222,76382,184,0,264,Boston
88,106242254243,76383,184,0,264,Boston
88,106242475188,76402,178,0,264,Boston
88,206241894243,76400,178,0,264,Boston
88,106242475188,76407,182,0,237,New York
88,206241894243,76405,182,0,237,New York
88,106242475188,76423,134,0,,New York
88,106242475188,76441,148,0,258,Springfield
88,206241894243,76421,134,0,,New York
88,206241894222,76438,148,0,258,Springfield
88,106242254243,76439,148,0,258,Springfield
88,106242475188,76453,170,0,264,Boston
88,106243095188,76466,95,1,,Norfolk
88,106242475188,76472,198,0,237,New York
88,206241894243,76451,170,0,264,Boston
88,206241894222,76461,95,1,,Norfolk
88,106242254243,76462,95,1,,Norfolk
88,106242474292,76464,95,1,,Norfolk
88,106242954306,76465,95,1,,Norfolk
88,206241894243,76470,198,0,237,New York
88,106242955188,76479,137,1,260,Washington
88,106243095188,76486,171,1,,Roanoke
88,106243095188,76493,173,1,260,Washington
88,106242955188,76501,85,1,,Richmond
88,106242955188,76507,93,1,,Norfolk
88,206241894222,76475,137,1,260,Washington
88,106242254243,76476,137,1,260,Washington
88,106242474292,76478,137,1,260,Washington
88,206241894222,76482,171,1,,Roanoke
88,106242254243,76483,171,1,,Roanoke
88,106242474306,76485,171,1,,Roanoke
88,206241894222,76489,173,1,260,Washington
88,106242254243,76490,173,1,260,Washington
88,106242474306,76492,173,1,260,Washington
88,206241894222,76497,85,1,,Richmond
88,106242254243,76498,85,1,,Richmond
88,106242474292,76500,85,1,,Richmond
88,206241894243,76504,93,1,,Norfolk
88,106242474292,76506,93,1,,Norfolk
88,106243095188,76542,125,1,,Newport News
88,106243095188,76548,131,1,267,Washington
88,106242955188,76557,141,1,,Norfolk
88,106242955188,76564,185,1,267,Washington
88,106242475188,76580,84,0,,New York
88,206241894222,76537,125,1,,Newport News
88,106242254243,76538,125,1,,Newport News
88,106242474292,76540,125,1,,Newport News
88,106242954306,76541,125,1,,Newport News
88,206241894243,76545,131,1,267,Washington
88,106242474306,76547,131,1,267,Washington
88,206241894222,76553,141,1,,Norfolk
88,106242254243,76554,141,1,,Norfolk
88,106242474292,76556,141,1,,Norfolk
88,206241894243,76561,185,1,267,Washington
88,106242474292,76563,185,1,267,Washington
88,206241894243,76578,84,0,,New York
88,106243095188,76589,129,1,267,Washington
88,106243095188,76595,133,1,267,Washington
88,106242475188,76602,136,0,258,Springfield
88,106243095188,76620,175,1,260,Washington
88,106242475188,76659,197,1,267,Washington
88,206241894243,76585,129,1,267,Washington
88,106242474292,76587,129,1,267,Washington
88,106242954306,76588,129,1,267,Washington
88,206241894243,76592,133,1,267,Washington
88,106242474306,76594,133,1,267,Washington
88,206241894243,76600,136,0,258,Springfield
88,206241894222,76615,175,1,260,Washington
88,106242254243,76616,175,1,260,Washington
88,106242474292,76618,175,1,260,Washington
88,106242954306,76619,175,1,260,Washington
88,206241894243,76657,197,1,267,Washington
88,106242475188,76665,190,0,,Boston
88,206241894222,76662,190,0,,Boston
88,106242254243,76663,190,0,,Boston
88,106242955188,76683,177,1,,Philadelphia
88,206241894222,76679,177,1,,Philadelphia
88,106242254243,76680,177,1,,Philadelphia
88,106242474292,76682,177,1,,Philadelphia
88,106443155188,76763,121,1,267,Washington
88,106443015188,76771,139,1,260,Washington
88,106443015188,76779,149,1,260,Washington
88,206441894238,76758,121,1,267,Washington
88,103242464246,76760,121,1,267,Washington
88,106442524294,76761,121,1,267,Washington
88,106443014308,76762,121,1,267,Washington
88,106441964203,76766,139,1,260,Washington
88,106442104238,76767,139,1,260,Washington
88,103242464246,76769,139,1,260,Washington
88,106442524294,76770,139,1,260,Washington
88,106441964210,76773,149,1,260,Washington
88,106442174224,76774,149,1,260,Washington
88,106442314238,76775,149,1,260,Washington
88,103242464246,76777,149,1,260,Washington
88,106442524294,76778,149,1,260,Washington
88,106243095188,78505,193,1,267,Washington
88,106242475188,78512,196,0,237,New York
88,206241894243,78501,193,1,267,Washington
88,106242474292,78503,193,1,267,Washington
88,106242954306,78504,193,1,267,Washington
88,206241894243,78510,196,0,237,New York
88,112742955188,78851,151,1,,Roanoke
88,212741894194,78846,151,1,,Roanoke
88,106541954210,78847,151,1,,Roanoke
88,106241974222,78848,151,1,,Roanoke
88,106542164224,78849,151,1,,Roanoke
88,112742254294,78850,151,1,,Roanoke
88,106543145188,78866,153,1,158,Norfolk
88,106543145188,78874,155,1,267,Washington
88,106543005188,78883,195,1,,Richmond
88,106543145188,78927,99,1,84,Newport News
88,106543145188,78934,103,1,267,Washington
88,106541954224,78862,153,1,158,Norfolk
88,106542304294,78863,153,1,158,Norfolk
88,103242464246,78864,153,1,158,Norfolk
88,106543004308,78865,153,1,158,Norfolk
88,106541954210,78869,155,1,267,Washington
88,106542164224,78870,155,1,267,Washington
88,106542304294,78871,155,1,267,Washington
88,103242464246,78872,155,1,267,Washington
88,106543004308,78873,155,1,267,Washington
88,106541954203,78878,195,1,,Richmond
88,106542094224,78879,195,1,,Richmond
88,106542304245,78880,195,1,,Richmond
88,103242464246,78881,195,1,,Richmond
88,106542514294,78882,195,1,,Richmond
88,106541954203,78920,99,1,84,Newport News
88,106542094210,78921,99,1,84,Newport News
88,106542164224,78922,99,1,84,Newport News
88,106542304245,78923,99,1,84,Newport News
88,103242464246,78924,99,1,84,Newport News
88,106542514294,78925,99,1,84,Newport News
88,106543004308,78926,99,1,84,Newport News
88,106541954224,78930,103,1,267,Washington
88,106542304294,78931,103,1,267,Washington
88,103242464246,78932,103,1,267,Washington
88,106543004308,78933,103,1,267,Washington
88,106542305188,78947,161,1,260,Washington
88,100143145188,79023,101,1,267,Washington
88,106541954203,78945,161,1,260,Washington
88,106542094224,78946,161,1,260,Washington
88,103242464246,78948,161,1,260,Washington
88,100141954223,79019,101,1,267,Washington
88,100142304293,79020,101,1,267,Washington
88,106442454245,79021,101,1,267,Washington
88,100143004307,79022,101,1,267,Washington
88,106443155188,79031,145,1,,Roanoke
88,100143145188,79046,159,1,267,Washington
88,106443015188,79060,189,1,267,Washington
88,106443155188,79132,105,1,267,Washington
88,106441964224,79025,145,1,,Roanoke
88,106442314238,79026,145,1,,Roanoke
88,103242464246,79028,145,1,,Roanoke
88,106442524294,79029,145,1,,Roanoke
88,106443014308,79030,145,1,,Roanoke
88,100141954223,79042,159,1,267,Washington
88,100142304293,79043,159,1,267,Washington
88,106442454245,79044,159,1,267,Washington
88,100143004307,79045,159,1,267,Washington
88,106441964224,79055,189,1,267,Washington
88,106442314238,79056,189,1,267,Washington
88,103242464246,79058,189,1,267,Washington
88,106442524294,79059,189,1,267,Washington
88,106441964224,79126,105,1,267,Washington
88,106442314238,79127,105,1,267,Washington
88,103242464246,79129,105,1,267,Washington
88,106442524294,79130,105,1,267,Washington
88,106443014308,79131,105,1,267,Washington
88,106542515188,79146,124,0,,New York
88,106443155188,79221,107,1,267,Washington
88,106541954224,79143,124,0,,New York
88,106542304245,79144,124,0,,New York
88,103242464246,79145,124,0,,New York
88,106441964224,79215,107,1,267,Washington
88,106442314238,79216,107,1,267,Washington
88,103242464246,79218,107,1,267,Washington
88,106442524294,79219,107,1,267,Washington
88,106443014308,79220,107,1,267,Washington
88,106542305188,79225,128,0,237,New York
88,100142305188,79241,152,0,264,Boston
88,106542305188,79246,156,0,,New York
88,106542305188,79310,88,0,,Boston
88,106542305188,79320,118,0,237,New York
88,106541954224,79224,128,0,237,New York
88,103242464246,79226,128,0,237,New York
88,100141954223,79240,152,0,264,Boston
88,106442454245,79242,152,0,264,Boston
88,106541954224,79245,156,0,,New York
88,103242464246,79247,156,0,,New York
88,106541954224,79309,88,0,,Boston
88,103242464246,79311,88,0,,Boston
88,106541954224,79319,118,0,237,New York
88,103242464246,79321,118,0,237,New York
88,106442525188,79327,120,0,237,New York
88,106442525188,79333,122,0,237,New York
88,106442525188,79339,132,0,264,Boston
88,106442525188,79345,154,0,264,Boston
88,106442525188,79351,166,0,264,Boston
88,106442525188,79388,96,0,90,Boston
88,106442525188,79400,106,0,237,New York
88,106442525188,79406,108,0,237,New York
88,106441964224,79323,120,0,237,New York
88,106442314238,79324,120,0,237,New York
88,103242464246,79326,120,0,237,New York
88,106441964224,79329,122,0,237,New York
88,106442314238,79330,122,0,237,New York
88,103242464246,79332,122,0,237,New York
88,106441964224,79335,132,0,264,Boston
88,106442314238,79336,132,0,264,Boston
88,103242464246,79338,132,0,264,Boston
88,106441964224,79341,154,0,264,Boston
88,106442314238,79342,154,0,264,Boston
88,103242464246,79344,154,0,264,Boston
88,106441964224,79347,166,0,264,Boston
88,106442314238,79348,166,0,264,Boston
88,103242464246,79350,166,0,264,Boston
88,106441964224,79384,96,0,90,Boston
88,106442314238,79385,96,0,90,Boston
88,103242464246,79387,96,0,90,Boston
88,106441964224,79396,106,0,237,New York
88,106442314238,79397,106,0,237,New York
88,103242464246,79399,106,0,237,New York
88,106441964224,79402,108,0,237,New York
88,106442314238,79403,108,0,237,New York
88,103242464246,79405,108,0,237,New York
88,106243095188,79920,119,1,267,Washington
88,206241894243,79917,119,1,267,Washington
88,106242474306,79919,119,1,267,Washington
88,106242475188,80101,186,0,,New York
88,206241894243,80099,186,0,,New York
88,106242475188,80163,138,0,,New York
88,206241894243,80161,138,0,,New York
88,106242955188,80444,86,0,,Boston
88,206241894222,80440,86,0,,Boston
88,106242254243,80441,86,0,,Boston
88,106242474292,80443,86,0,,Boston
88,100342155188,80546,65,1,84,Newport News
88,200341894194,80541,65,1,84,Newport News
88,100141954202,80543,65,1,84,Newport News
88,100242014201,80544,65,1,84,Newport News
88,100342084209,80545,65,1,84,Newport News
88,106442454245,80547,65,1,84,Newport News
88,112442465188,80572,67,1,84,Newport News
88,106441964203,80567,67,1,84,Newport News
88,106041974200,80568,67,1,84,Newport News
88,112442044210,80569,67,1,84,Newport News
88,112442114242,80570,67,1,84,Newport News
88,106242475188,80582,179,1,282,New York
88,206241894208,80579,179,1,282,New York
88,106242114243,80580,179,1,282,New York
88,106542305188,80904,87,1,,Norfolk
88,106541954203,80901,87,1,,Norfolk
88,106542094210,80902,87,1,,Norfolk
88,106542164224,80903,87,1,,Norfolk
88,103242464246,80905,87,1,,Norfolk
88,106542515188,80912,158,0,,New York
88,106541954224,80909,158,0,,New York
88,106542304245,80910,158,0,,New York
88,103242464246,80911,158,0,,New York
88,106542305188,81503,160,0,264,Boston
88,206541894224,81502,160,0,264,Boston
88,103242464246,81504,160,0,264,Boston
88,100143145188,81523,163,1,260,Washington
88,100141954202,81519,163,1,260,Washington
88,100142094223,81520,163,1,260,Washington
88,100142304307,81521,163,1,260,Washington
88,106442454245,81522,163,1,260,Washington
88,106543145188,81545,165,1,260,Washington
88,106541954203,81539,165,1,260,Washington
88,106542094210,81540,165,1,260,Washington
88,106542164224,81541,165,1,260,Washington
88,106542304294,81542,165,1,260,Washington
88,103242464246,81543,165,1,260,Washington
88,106543004308,81544,165,1,260,Washington
88,106543145188,81563,135,1,260,Washington
88,100143005188,81569,167,1,,Philadelphia
88,106541954203,81558,135,1,260,Washington
88,106542094224,81559,135,1,260,Washington
88,106542304294,81560,135,1,260,Washington
88,103242464246,81561,135,1,260,Washington
88,106543004308,81562,135,1,260,Washington
88,100141954202,81566,167,1,,Philadelphia
88,100142094293,81567,167,1,,Philadelphia
88,106442454245,81568,167,1,,Philadelphia
88,100142305188,81585,168,0,264,Boston
88,100141954223,81584,168,0,264,Boston
88,106442454245,81586,168,0,264,Boston
88,106542305188,81592,140,0,258,Springfield
88,100142305188,81597,194,0,90,Boston
88,106541954210,81590,140,0,258,Springfield
88,106542164224,81591,140,0,258,Springfield
88,103242464246,81593,140,0,258,Springfield
88,100141954223,81596,194,0,90,Boston
88,106442454245,81598,194,0,90,Boston
88,106543145188,81615,143,1,259,Washington
88,106541955188,81618,150,0,,Boston
88,106443155188,81628,157,1,,Norfolk
88,106542305188,81633,162,0,264,Boston
88,106541954224,81611,143,1,259,Washington
88,106542304294,81612,143,1,259,Washington
88,103242464246,81613,143,1,259,Washington
88,106543004308,81614,143,1,259,Washington
88,103242464246,81619,150,0,,Boston
88,106441964224,81622,157,1,,Norfolk
88,106442314238,81623,157,1,,Norfolk
88,103242464246,81625,157,1,,Norfolk
88,106442524294,81626,157,1,,Norfolk
88,106443014308,81627,157,1,,Norfolk
88,106541954210,81631,162,0,264,Boston
88,106542164224,81632,162,0,264,Boston
88,103242464246,81634,162,0,264,Boston
88,106542305188,81646,164,0,,Boston
88,100141954202,81643,164,0,,Boston
88,106441964196,81644,164,0,,Boston
88,106542034224,81645,164,0,,Boston
88,103242464246,81647,164,0,,Boston
88,112742525188,82056,66,0,,Boston
88,212741894251,82055,66,0,,Boston
88,106441964203,82070,191,1,,Philadelphia
88,106442104210,82071,191,1,,Philadelphia
88,106442174238,82072,191,1,,Philadelphia
88,109642464252,82074,191,1,,Philadelphia
88,106542305188,82122,146,0,258,Springfield
88,106541954224,82121,146,0,258,Springfield
88,103242464246,82123,146,0,258,Springfield
88,106243095188,82151,111,1,267,Washington
88,106242475188,82157,130,0,237,New York
88,106243095188,82166,181,1,267,Washington
88,106242475188,82188,112,0,237,New York
88,206241894243,82147,111,1,267,Washington
88,106242474292,82149,111,1,267,Washington
88,106242954306,82150,111,1,267,Washington
88,206241894243,82155,130,0,237,New York
88,206241894243,82162,181,1,267,Washington
88,106242474292,82164,181,1,267,Washington
88,106242954306,82165,181,1,267,Washington
88,206241894243,82186,112,0,237,New York
88,106442525188,82193,123,1,,Philadelphia
88,100142585188,82194,142,0,237,New York
88,100142585188,82195,144,0,,New York
88,106242535188,82196,110,0,,New York
88,106243095188,82370,183,1,267,Washington
88,106241944243,82366,183,1,267,Washington
88,106242474292,82368,183,1,267,Washington
88,106242954306,82369,183,1,267,Washington
88,106242475188,82375,114,0,237,New York
88,106241944243,82373,114,0,237,New York
88,106542585188,82569,169,1,,Philadelphia
88,100141954202,82565,169,1,282,New York
88,100142094209,82566,169,1,282,New York
88,100142164251,82567,169,1,282,New York
88,106442454245,82568,169,1,282,New York
36921,312741895188,37695,241,0,248,Rensselaer
36921,112742445188,58667,281,0,279,Niagara Falls
36921,112742445188,58670,283,0,279,Niagara Falls
36921,212741894243,58666,281,0,279,Niagara Falls
36921,212741894243,58669,283,0,279,Niagara Falls
36921,306541895188,76837,250,1,245,New York
36921,103242464246,76839,250,1,245,New York
36921,306541895188,76851,260,1,245,New York
36921,103242464246,76853,260,1,245,New York
36921,106442525188,76895,257,0,248,Rensselaer
36921,206441894238,76892,257,0,248,Rensselaer
36921,103242464246,76894,257,0,248,Rensselaer
36921,106242475188,76917,230,1,245,New York
36921,106242475188,76922,232,1,245,New York
36921,106242475188,76927,234,1,245,New York
36921,206241894243,76915,230,1,245,New York
36921,206241894243,76920,232,1,245,New York
36921,206241894243,76925,234,1,245,New York
36921,106242475188,76958,237,0,248,Rensselaer
36921,106242475188,76963,239,0,248,Rensselaer
36921,106242475188,76968,243,0,248,Rensselaer
36921,206241894243,76956,237,0,248,Rensselaer
36921,206241894243,76961,239,0,248,Rensselaer
36921,206241894243,76966,243,0,248,Rensselaer
36921,106242475188,76973,245,0,248,Rensselaer
36921,206241894243,76971,245,0,248,Rensselaer
36921,112642465188,78620,235,0,248,Rensselaer
36921,212441894242,78618,235,0,248,Rensselaer
36921,112642465188,78704,240,1,245,New York
36921,212641894243,78702,240,1,245,New York
36921,106242475188,78711,236,1,245,New York
36921,206241894243,78709,236,1,245,New York
36921,312741895188,78736,238,1,245,New York
36921,112742475188,78783,244,1,245,New York
36921,206341894244,78779,244,1,245,New York
36921,106442454245,78781,244,1,245,New York
36921,106542445188,81754,252,1,245,New York
36921,106542445188,81759,253,0,248,Rensselaer
36921,106442525188,81765,256,1,245,New York
36921,112742445188,81769,280,1,280,New York
36921,112742445188,81773,284,1,280,New York
36921,206541894217,81752,252,1,245,New York
36921,106542234238,81753,252,1,245,New York
36921,103242464246,81755,252,1,245,New York
36921,206541894217,81757,253,0,248,Rensselaer
36921,106542234238,81758,253,0,248,Rensselaer
36921,103242464246,81760,253,0,248,Rensselaer
36921,206441894217,81761,256,1,245,New York
36921,106442244238,81762,256,1,245,New York
36921,103242464246,81764,256,1,245,New York
36921,212741894222,81766,280,1,280,New York
36921,106542234238,81767,280,1,280,New York
36921,106242254243,81768,280,1,280,New York
36921,212741894222,81770,284,1,280,New York
36921,106542234238,81771,284,1,280,New York
36921,106242254243,81772,284,1,280,New York
36921,106542445188,81797,259,0,248,Rensselaer
36921,106542445188,81802,261,0,248,Rensselaer
36921,206541894217,81795,259,0,248,Rensselaer
36921,106542234238,81796,259,0,248,Rensselaer
36921,103242464246,81798,259,0,248,Rensselaer
36921,206541894217,81800,261,0,248,Rensselaer
36921,106542234238,81801,261,0,248,Rensselaer
36921,103242464246,81803,261,0,248,Rensselaer
36921,112742475188,82229,233,0,248,Rensselaer
36921,206341894244,82226,233,0,248,Rensselaer
36921,106442454245,82227,233,0,248,Rensselaer
78,312741895188,60869,564,1,101,San Diego
78,312741895188,60875,580,1,101,San Diego
78,312741895188,60878,586,1,101,San Diego
78,312741895188,60884,774,1,146,San Diego
78,312741895188,60899,581,0,102,Los Angeles
78,312741895188,60917,769,0,149,Goleta
78,312741895188,60920,777,0,148,San Luis Obispo
78,312741895188,60923,785,0,149,Goleta
78,312741895188,60926,591,0,102,Los Angeles
78,102442124213,62568,1595,0,102,Los Angeles
78,312741895188,62733,573,0,102,Los Angeles
78,312741895188,65529,770,1,151,San Diego
78,312741895188,71518,587,0,102,Los Angeles
78,106542024252,72987,566,1,101,San Diego
78,103242464246,72988,566,1,101,San Diego
78,106542024252,72989,575,0,102,Los Angeles
78,103242464246,72990,575,0,102,Los Angeles
78,106542024252,72991,582,1,101,San Diego
78,103242464246,72992,582,1,101,San Diego
78,312741895188,74709,562,1,101,San Diego
78,312741895188,77182,572,1,101,San Diego
78,112742145188,78428,595,0,102,Los Angeles
78,212741894211,78426,595,0,102,Los Angeles
78,312741895188,78431,784,1,151,San Diego
78,112741995188,79493,761,0,148,San Luis Obispo
78,112741995188,79500,765,0,149,Goleta
78,207941894196,79491,761,0,148,San Luis Obispo
78,204841894198,79492,761,0,,San Luis Obispo
78,207941894196,79498,765,0,149,Goleta
78,204841894198,79499,765,0,,Goleta
78,112741985188,79517,790,1,151,San Diego
78,112741985188,79524,794,1,146,San Diego
78,203141894195,79515,790,1,151,San Diego
78,209641894197,79516,790,1,,Solana Beach
78,203141894195,79522,794,1,146,San Diego
78,209641894197,79523,794,1,,Solana Beach
78,100142024209,82387,597,0,102,Los Angeles
78,106442034210,82388,597,0,,Los Angeles
78,106542164252,82389,597,0,102,Los Angeles
78,103242464246,82390,597,0,102,Los Angeles
40751,300241895188,36981,2130,0,328,New York
40751,100242295188,64033,2174,0,327,Boston
40751,200241894222,64032,2174,0,327,Boston
40751,100143145188,75308,2203,1,326,Washington
40751,200141894293,75304,2203,1,326,Washington
40751,106442454245,75306,2203,1,326,Washington
40751,100143004307,75307,2203,1,326,Washington
40751,106242475188,75937,2104,0,328,New York
40751,106042475188,75964,2124,0,328,New York
40751,106242475188,75969,2150,0,327,Boston
40751,106243095188,75978,2151,1,324,Washington
40751,106242475188,75983,2152,0,327,Boston
40751,106242475188,76044,2172,0,327,Boston
40751,106242475188,76112,2162,0,327,Boston
40751,106242475188,76117,2108,0,328,New York
40751,206241894243,75935,2104,0,328,New York
40751,206041894242,75962,2124,0,328,New York
40751,206241894243,75967,2150,0,327,Boston
40751,206241894222,75973,2151,1,324,Washington
40751,106242254243,75974,2151,1,324,Washington
40751,106242474292,75976,2151,1,324,Washington
40751,106242954306,75977,2151,1,324,Washington
40751,206241894243,75981,2152,0,327,Boston
40751,206241894222,76041,2172,0,327,Boston
40751,106242254243,76042,2172,0,327,Boston
40751,206241894222,76109,2162,0,327,Boston
40751,106242254243,76110,2162,0,327,Boston
40751,206241894243,76115,2108,0,328,New York
40751,106242475188,76198,2190,0,325,Boston
40751,106442525188,76207,2222,0,328,New York
40751,206241894243,76196,2190,0,325,Boston
40751,206441894238,76204,2222,0,328,New York
40751,103242464246,76206,2222,0,328,New York
40751,106442525188,76313,2290,0,325,Boston
40751,106442525188,76318,2292,0,325,Boston
40751,206441894238,76310,2290,0,325,Boston
40751,103242464246,76312,2290,0,325,Boston
40751,206441894238,76315,2292,0,325,Boston
40751,103242464246,76317,2292,0,325,Boston
40751,106242475188,76635,2122,0,328,New York
40751,206241894243,76633,2122,0,328,New York
40751,106242475188,78423,2168,0,327,Boston
40751,206241894222,78420,2168,0,327,Boston
40751,106242254243,78421,2168,0,327,Boston
40751,106543005188,78889,2205,1,326,Washington
40751,106541954224,78886,2205,1,326,Washington
40751,106542304294,78887,2205,1,326,Washington
40751,103242464246,78888,2205,1,326,Washington
40751,106543145188,78973,2253,1,324,Washington
40751,106543145188,78982,2255,1,324,Washington
40751,106541954203,78967,2253,1,324,Washington
40751,106542094210,78968,2253,1,324,Washington
40751,106542164224,78969,2253,1,324,Washington
40751,106542304294,78970,2253,1,324,Washington
40751,103242464246,78971,2253,1,324,Washington
40751,106543004308,78972,2253,1,324,Washington
40751,106541954203,78976,2255,1,324,Washington
40751,106542094210,78977,2255,1,324,Washington
40751,106542164224,78978,2255,1,324,Washington
40751,106542304294,78979,2255,1,324,Washington
40751,103242464246,78980,2255,1,324,Washington
40751,106543004308,78981,2255,1,324,Washington
40751,100142305188,79066,2249,1,324,Washington
40751,100143005188,79076,2251,1,324,Washington
40751,106443155188,79086,2263,1,324,Washington
40751,106443155188,79094,2265,1,324,Washington
40751,106443155188,79103,2271,1,324,Washington
40751,106442525188,79139,2247,1,324,Washington
40751,100141954202,79063,2249,1,324,Washington
40751,100142094209,79064,2249,1,324,Washington
40751,100142164223,79065,2249,1,324,Washington
40751,106442454245,79067,2249,1,324,Washington
40751,100141954202,79071,2251,1,324,Washington
40751,100142094209,79072,2251,1,324,Washington
40751,100142164223,79073,2251,1,324,Washington
40751,100142304293,79074,2251,1,324,Washington
40751,106442454245,79075,2251,1,324,Washington
40751,106441964203,79078,2263,1,324,Washington
40751,106442104210,79079,2263,1,324,Washington
40751,106442174224,79080,2263,1,324,Washington
40751,106442314238,79081,2263,1,324,Washington
40751,103242464246,79083,2263,1,324,Washington
40751,106442524294,79084,2263,1,324,Washington
40751,106443014308,79085,2263,1,324,Washington
40751,106441964203,79088,2265,1,324,Washington
40751,106442104224,79089,2265,1,324,Washington
40751,106442314238,79090,2265,1,324,Washington
40751,103242464246,79092,2265,1,324,Washington
40751,106442524308,79093,2265,1,324,Washington
40751,106441964203,79096,2271,1,324,Washington
40751,106442104224,79097,2271,1,324,Washington
40751,106442314238,79098,2271,1,324,Washington
40751,103242464246,79100,2271,1,324,Washington
40751,106442524294,79101,2271,1,324,Washington
40751,106443014308,79102,2271,1,324,Washington
40751,106441964203,79134,2247,1,324,Washington
40751,106442104224,79135,2247,1,324,Washington
40751,106442314238,79136,2247,1,324,Washington
40751,103242464246,79138,2247,1,324,Washington
40751,106443015188,79176,2259,1,324,Washington
40751,106443155188,79185,2275,1,324,Washington
40751,106441964203,79170,2259,1,324,Washington
40751,106442104224,79171,2259,1,324,Washington
40751,106442314238,79172,2259,1,324,Washington
40751,103242464246,79174,2259,1,324,Washington
40751,106442524294,79175,2259,1,324,Washington
40751,106441964203,79178,2275,1,324,Washington
40751,106442104224,79179,2275,1,324,Washington
40751,106442314238,79180,2275,1,324,Washington
40751,103242464246,79182,2275,1,324,Washington
40751,106442524294,79183,2275,1,324,Washington
40751,106443014308,79184,2275,1,324,Washington
40751,100142305188,79263,2218,0,328,New York
40751,106542305188,79268,2248,0,327,Boston
40751,106542305188,79273,2250,0,327,Boston
40751,106542305188,79278,2252,0,327,Boston
40751,106542305188,79283,2254,0,327,Boston
40751,100141954223,79262,2218,0,328,New York
40751,106442454245,79264,2218,0,328,New York
40751,106541954224,79267,2248,0,327,Boston
40751,103242464246,79269,2248,0,327,Boston
40751,106541954224,79272,2250,0,327,Boston
40751,103242464246,79274,2250,0,327,Boston
40751,106541954224,79277,2252,0,327,Boston
40751,103242464246,79279,2252,0,327,Boston
40751,106541954224,79282,2254,0,327,Boston
40751,103242464246,79284,2254,0,327,Boston
40751,106442525188,79357,2224,0,328,New York
40751,106442525188,79363,2226,0,328,New York
40751,106442525188,79394,2262,0,327,Boston
40751,106441964224,79353,2224,0,328,New York
40751,106442314238,79354,2224,0,328,New York
40751,103242464246,79356,2224,0,328,New York
40751,106441964224,79359,2226,0,328,New York
40751,106442314238,79360,2226,0,328,New York
40751,103242464246,79362,2226,0,328,New York
40751,106441964224,79390,2262,0,327,Boston
40751,106442314238,79391,2262,0,327,Boston
40751,103242464246,79393,2262,0,327,Boston
40751,106243095188,80727,2103,1,326,Washington
40751,106243095188,80735,2107,1,326,Washington
40751,106243095188,80743,2117,1,326,Washington
40751,106243095188,80751,2121,1,326,Washington
40751,106242955188,80759,2153,1,324,Washington
40751,206241894243,80723,2103,1,326,Washington
40751,106242474292,80725,2103,1,326,Washington
40751,106242954306,80726,2103,1,326,Washington
40751,206241894243,80731,2107,1,326,Washington
40751,106242474292,80733,2107,1,326,Washington
40751,106242954306,80734,2107,1,326,Washington
40751,206241894243,80739,2117,1,326,Washington
40751,106242474292,80741,2117,1,326,Washington
40751,106242954306,80742,2117,1,326,Washington
40751,206241894243,80747,2121,1,326,Washington
40751,106242474292,80749,2121,1,326,Washington
40751,106242954306,80750,2121,1,326,Washington
40751,206241894222,80755,2153,1,324,Washington
40751,106242254243,80756,2153,1,324,Washington
40751,106242474292,80758,2153,1,324,Washington
40751,106243095188,80785,2167,1,324,Washington
40751,106242955188,80793,2169,1,324,Washington
40751,206241894243,80781,2167,1,324,Washington
40751,106242474292,80783,2167,1,324,Washington
40751,106242954306,80784,2167,1,324,Washington
40751,206241894222,80789,2169,1,324,Washington
40751,106242254243,80790,2169,1,324,Washington
40751,106242474292,80792,2169,1,324,Washington
40751,106243095188,80822,2163,1,324,Washington
40751,206241894222,80817,2163,1,324,Washington
40751,106242254243,80818,2163,1,324,Washington
40751,106242474292,80820,2163,1,324,Washington
40751,106242954306,80821,2163,1,324,Washington
40751,106243095188,81400,2159,1,324,Washington
40751,206241894222,81396,2159,1,324,Washington
40751,106242254243,81397,2159,1,324,Washington
40751,106242474306,81399,2159,1,324,Washington
40751,100141955188,81534,2216,0,328,New York
40751,106442454245,81535,2216,0,328,New York
40751,106443155188,81686,2257,1,324,Washington
40751,106442525188,81693,2258,0,327,Boston
40751,106441964203,81679,2257,1,324,Washington
40751,106442104224,81680,2257,1,324,Washington
40751,106442314238,81681,2257,1,324,Washington
40751,103242464246,81683,2257,1,324,Washington
40751,106442524294,81684,2257,1,324,Washington
40751,106443014308,81685,2257,1,324,Washington
40751,106441964224,81689,2258,0,327,Boston
40751,106442314238,81690,2258,0,327,Boston
40751,103242464246,81692,2258,0,327,Boston
40751,106243095188,81705,2155,1,324,Washington
40751,106242475188,81711,2170,0,327,Boston
40751,206241894222,81700,2155,1,324,Washington
40751,106242254243,81701,2155,1,324,Washington
40751,106242474292,81703,2155,1,324,Washington
40751,106242954306,81704,2155,1,324,Washington
40751,206241894243,81709,2170,0,327,Boston
40751,106242475188,81823,2166,0,327,Boston
40751,106242475188,81829,2193,1,,New York
40751,206241894243,81821,2166,0,327,Boston
40751,206241894243,81827,2193,1,,New York
40751,106242475188,82173,2154,0,327,Boston
40751,106243095188,82182,2173,1,324,Washington
40751,206241894222,82170,2154,0,327,Boston
40751,106242254243,82171,2154,0,327,Boston
40751,206241894222,82177,2173,1,324,Washington
40751,106242254243,82178,2173,1,324,Washington
40751,106242474292,82180,2173,1,324,Washington
40751,106242954306,82181,2173,1,324,Washington
41042,106243095188,65482,490,0,319,Springfield
41042,306541895188,76983,405,1,318,New Haven
41042,103242464246,76985,405,1,318,New Haven
41042,306541895188,76996,450,0,319,Springfield
41042,103242464246,76998,450,0,319,Springfield
41042,106542305188,77001,460,0,319,Springfield
41042,306541895188,77006,464,0,319,Springfield
41042,206541894224,76999,460,0,319,Springfield
41042,103242464246,77002,460,0,319,Springfield
41042,103242464246,77008,464,0,319,Springfield
41042,106442525188,77020,409,1,318,New Haven
41042,106442525188,77024,416,0,319,Springfield
41042,300141895188,77025,463,1,318,New Haven
41042,106442525188,77031,465,1,318,New Haven
41042,300141895188,77032,467,1,318,New Haven
41042,206441894238,77017,409,1,318,New Haven
41042,103242464246,77019,409,1,318,New Haven
41042,206441894238,77021,416,0,319,Springfield
41042,103242464246,77023,416,0,319,Springfield
41042,106442454245,77027,463,1,318,New Haven
41042,206441894238,77028,465,1,318,New Haven
41042,103242464246,77030,465,1,318,New Haven
41042,106442454245,77034,467,1,318,New Haven
41042,106243095188,77043,470,0,319,Springfield
41042,106242475188,77062,474,0,319,Springfield
41042,106242475188,77068,475,1,318,New Haven
41042,106442525188,77085,497,1,318,New Haven
41042,206241894243,77040,470,0,,Hartford
41042,106242474306,77042,470,0,,Hartford
41042,206241894243,77060,474,0,319,Springfield
41042,206241894243,77066,475,1,318,New Haven
41042,206441894224,77081,497,1,318,New Haven
41042,106442314238,77082,497,1,318,New Haven
41042,103242464246,77084,497,1,318,New Haven
41042,106242475188,77114,417,1,318,New Haven
41042,206241894243,77112,417,1,318,New Haven
41042,106243095188,81140,473,1,318,New Haven
41042,206241894243,81137,473,1,,New Haven
41042,106242474306,81139,473,1,,New Haven
84,100841994199,61423,1543,0,230,San Jose
84,100841994199,71324,550,1,64,Sacramento
84,306541895188,73077,720,1,59,Sacramento
84,306541895188,73081,723,0,230,San Jose
84,306541895188,73085,724,1,64,Sacramento
84,306541895188,73089,727,0,230,San Jose
84,306541895188,73093,728,1,64,Sacramento
84,306541895188,73097,729,0,,San Jose
84,103242464246,73079,720,1,59,Sacramento
84,103242464246,73083,723,0,230,San Jose
84,103242464246,73087,724,1,64,Sacramento
84,103242464246,73091,727,0,230,San Jose
84,103242464246,73095,728,1,64,Sacramento
84,103242464246,73099,729,0,,San Jose
84,106242475188,73113,521,0,230,San Jose
84,106242475188,73118,522,1,59,Sacramento
84,106242475188,73123,523,0,230,San Jose
84,106242475188,73128,524,1,64,Sacramento
84,106242475188,73133,525,0,61,Oakland
84,106242475188,73138,527,0,230,San Jose
84,106242475188,73143,528,1,64,Sacramento
84,106242475188,73148,529,0,,San Jose
84,106242475188,73153,531,0,61,Oakland
84,106242475188,73158,532,1,64,Sacramento
84,106242475188,73163,534,1,59,Sacramento
84,106242475188,73168,536,1,59,Sacramento
84,106242475188,73173,538,1,63,Auburn
84,106242475188,73178,540,1,59,Sacramento
84,106242475188,73183,541,0,230,San Jose
84,106242475188,73188,542,1,64,Sacramento
84,106242475188,73198,544,1,59,Sacramento
84,106242475188,73203,545,0,61,Oakland
84,106242475188,73208,546,1,64,Sacramento
84,106242475188,73213,547,0,230,San Jose
84,106242475188,73218,548,1,59,Sacramento
84,106242475188,73228,551,0,61,Oakland
84,306541895188,73230,732,1,64,Sacramento
84,306541895188,73233,734,1,59,Sacramento
84,306541895188,73237,736,1,63,Auburn
84,306541895188,73241,737,0,230,San Jose
84,306541895188,73244,738,1,59,Sacramento
84,306541895188,73248,741,0,230,San Jose
84,306541895188,73252,742,1,64,Sacramento
84,306541895188,73256,743,0,230,San Jose
84,306541895188,73260,744,1,64,Sacramento
84,306541895188,73263,745,0,61,Oakland
84,306541895188,73266,746,1,59,Sacramento
84,306541895188,73269,747,0,230,San Jose
84,306541895188,73272,748,1,64,Sacramento
84,306541895188,73275,749,0,61,Oakland
84,306541895188,73278,751,0,61,Oakland
84,206241894243,73111,521,0,230,San Jose
84,206241894243,73116,522,1,59,Sacramento
84,206241894243,73121,523,0,230,San Jose
84,206241894243,73126,524,1,64,Sacramento
84,206241894243,73131,525,0,61,Oakland
84,206241894243,73136,527,0,230,San Jose
84,206241894243,73141,528,1,64,Sacramento
84,206241894243,73146,529,0,,San Jose
84,206241894243,73151,531,0,61,Oakland
84,206241894243,73156,532,1,64,Sacramento
84,206241894243,73161,534,1,59,Sacramento
84,206241894243,73166,536,1,59,Sacramento
84,206241894243,73171,538,1,63,Auburn
84,206241894243,73176,540,1,59,Sacramento
84,206241894243,73181,541,0,230,San Jose
84,206241894243,73186,542,1,64,Sacramento
84,206241894243,73196,544,1,59,Sacramento
84,206241894243,73201,545,0,61,Oakland
84,206241894243,73206,546,1,64,Sacramento
84,206241894243,73211,547,0,230,San Jose
84,206241894243,73216,548,1,59,Sacramento
84,206241894243,73226,551,0,61,Oakland
84,103242464246,73232,732,1,64,Sacramento
84,103242464246,73235,734,1,59,Sacramento
84,103242464246,73239,736,1,63,Auburn
84,103242464246,73243,737,0,230,San Jose
84,103242464246,73246,738,1,59,Sacramento
84,103242464246,73250,741,0,230,San Jose
84,103242464246,73254,742,1,64,Sacramento
84,103242464246,73258,743,0,230,San Jose
84,103242464246,73262,744,1,64,Sacramento
84,103242464246,73265,745,0,61,Oakland
84,103242464246,73268,746,1,59,Sacramento
84,103242464246,73271,747,0,230,San Jose
84,103242464246,73274,748,1,64,Sacramento
84,103242464246,73277,749,0,61,Oakland
84,103242464246,73280,751,0,61,Oakland
84,306541895188,73821,733,0,60,Oakland
84,103242464246,73823,733,0,60,Oakland
84,106242475188,81484,549,0,61,Oakland
84,206241894243,81482,549,0,61,Oakland
84,106242475188,82580,543,0,61,Oakland
84,206241894198,82576,543,0,61,Oakland
84,106242004243,82578,543,0,61,Oakland
42896,112742475188,81421,5612,1,,Santa Barbara
42896,112742475188,81424,5619,0,,Las Vegas
42896,212741894245,81419,5612,1,,Santa Barbara
42896,103242464246,81420,5612,1,,Santa Barbara
42896,212741894245,81422,5619,0,,Las Vegas
42896,103242464246,81423,5619,0,,Las Vegas
94,306541895188,74831,665,0,23,Harrisburg
94,306541895188,74839,667,0,23,Harrisburg
94,306541895188,74842,669,0,23,Harrisburg
94,306541895188,74852,671,0,23,Harrisburg
94,306541895188,74855,672,1,21,New York
94,103242464246,74833,665,0,23,Harrisburg
94,103242464246,74841,667,0,23,Harrisburg
94,103242464246,74844,669,0,23,Harrisburg
94,103242464246,74854,671,0,23,Harrisburg
94,103242464246,74857,672,1,21,New York
94,106442525188,75053,610,1,22,Philadelphia
94,106442525188,75070,637,0,24,Philadelphia
94,206441894238,75049,610,1,22,Philadelphia
94,103242464246,75052,610,1,22,Philadelphia
94,206441894238,75067,637,0,24,Philadelphia
94,103242464246,75069,637,0,24,Philadelphia
94,100142515188,75167,674,1,21,New York
94,200141894237,75164,674,1,21,New York
94,106442454245,75166,674,1,21,New York
94,106243165188,79561,600,1,21,New York
94,206241894201,79557,600,1,21,New York
94,106242044243,79558,600,1,21,New York
94,106242474313,79560,600,1,21,New York
94,106243165188,79605,642,1,21,New York
94,200241894201,79596,642,1,21,New York
94,206041894200,79598,642,1,21,New York
94,106042044242,79599,642,1,21,New York
94,100242084229,79600,642,1,21,New York
94,100242364264,79601,642,1,21,New York
94,106042474263,79603,642,1,21,New York
94,106242674313,79604,642,1,21,New York
94,106243165188,79616,644,1,21,New York
94,100241944313,79611,644,1,21,New York
94,106041974200,79612,644,1,21,New York
94,106042044242,79613,644,1,21,New York
94,106042474312,79615,644,1,21,New York
94,106243165188,79775,656,1,21,New York
94,206241894243,79772,656,1,21,New York
94,106242474313,79774,656,1,21,New York
94,106243165188,79811,654,1,21,New York
94,206241894243,79808,654,1,21,New York
94,106242474313,79810,654,1,21,New York
94,106243165188,79859,601,0,25,Harrisburg
94,100241944201,79853,601,0,25,Harrisburg
94,106041974242,79854,601,0,25,Harrisburg
94,100242084229,79855,601,0,25,Harrisburg
94,100242364313,79856,601,0,25,Harrisburg
94,106042474312,79858,601,0,25,Harrisburg
94,106243165188,79868,605,0,25,Harrisburg
94,100241944313,79864,605,0,25,Harrisburg
94,106041974242,79865,605,0,25,Harrisburg
94,106042474312,79867,605,0,25,Harrisburg
94,106243165188,80020,609,0,23,Harrisburg
94,200241894313,80015,609,0,23,Harrisburg
94,106041974242,80017,609,0,23,Harrisburg
94,106042474312,80019,609,0,23,Harrisburg
94,106243165188,80028,647,0,23,Harrisburg
94,206241894243,80025,647,0,23,Harrisburg
94,106242474313,80027,647,0,23,Harrisburg
94,106243165188,80036,649,0,23,Harrisburg
94,206241894243,80033,649,0,23,Harrisburg
94,106242474313,80035,649,0,23,Harrisburg
94,106543215188,80071,660,1,21,New York
94,206541894315,80068,660,1,21,New York
94,103242464246,80070,660,1,21,New York
94,100143215188,80081,662,1,21,New York
94,106543215188,80085,664,1,21,New York
94,200141894314,80078,662,1,21,New York
94,106442454245,80080,662,1,21,New York
94,206541894315,80082,664,1,21,New York
94,103242464246,80084,664,1,21,New York
94,106543215188,80090,666,1,21,New York
94,206541894203,80086,666,1,21,New York
94,106542094315,80088,666,1,21,New York
94,103242464246,80089,666,1,21,New York
94,106543215188,80108,670,1,21,New York
94,106541954203,80104,670,1,21,New York
94,106542094231,80105,670,1,21,New York
94,106542374315,80106,670,1,21,New York
94,103242464246,80107,670,1,21,New York
94,106443225188,80116,612,1,22,Philadelphia
94,206441894203,80111,612,1,22,Philadelphia
94,106442104238,80112,612,1,22,Philadelphia
94,103242464246,80114,612,1,22,Philadelphia
94,106442524315,80115,612,1,22,Philadelphia
94,100143215188,80123,611,0,25,Harrisburg
94,106543215188,80127,661,0,23,Harrisburg
94,100141954314,80121,611,0,25,Harrisburg
94,106442454245,80122,611,0,25,Harrisburg
94,206541894315,80124,661,0,23,Harrisburg
94,103242464246,80126,661,0,23,Harrisburg
94,106443225188,80132,615,0,25,Harrisburg
94,106543215188,80136,663,0,23,Harrisburg
94,206441894238,80128,615,0,25,Harrisburg
94,103242464246,80130,615,0,25,Harrisburg
94,106442524315,80131,615,0,25,Harrisburg
94,206541894315,80133,663,0,23,Harrisburg
94,103242464246,80135,663,0,23,Harrisburg
94,106243165188,80144,646,1,21,New York
94,200241894313,80139,646,1,21,New York
94,206041894242,80141,646,1,,New York
94,106042474312,80143,646,1,,New York
94,106243165188,80231,607,0,25,Harrisburg
94,106243165188,80241,641,0,23,Harrisburg
94,206041894242,80227,607,0,,Lancaster
94,100241944313,80228,607,0,25,Harrisburg
94,103242464246,80229,607,0,25,Harrisburg
94,106042474312,80230,607,0,,Lancaster
94,206041894228,80235,641,0,,Lancaster
94,100241944229,80236,641,0,23,Harrisburg
94,106042324242,80237,641,0,,Lancaster
94,100242364313,80238,641,0,23,Harrisburg
94,106042474312,80240,641,0,,Lancaster
94,106243165188,80264,645,0,23,Harrisburg
94,206041894242,80260,645,0,,Lancaster
94,100241944313,80261,645,0,23,Harrisburg
94,106042474312,80263,645,0,,Lancaster
94,106243305188,80286,648,1,21,New York
94,206041894242,80280,648,1,,New York
94,100241944313,80281,648,1,21,New York
94,106042474312,80283,648,1,,New York
94,106043164326,80284,648,1,21,New York
94,100243204327,80285,648,1,21,New York
94,106243165188,80304,652,1,21,New York
94,200241894229,80297,652,1,21,New York
94,206041894242,80300,652,1,,New York
94,100242364313,80301,652,1,21,New York
94,106042474312,80303,652,1,,New York
94,106243165188,80844,653,0,23,Harrisburg
94,206241894201,80840,653,0,23,Harrisburg
94,106242044243,80841,653,0,23,Harrisburg
94,106242474313,80843,653,0,23,Harrisburg
94,106243165188,80867,655,0,23,Harrisburg
94,106241944243,80864,655,0,23,Harrisburg
94,106242474313,80866,655,0,23,Harrisburg
94,106242475188,80872,657,0,23,Harrisburg
94,206241894243,80870,657,0,23,Harrisburg
94,100243205188,80883,624,1,21,New York
94,200241894313,80882,624,1,21,New York
94,106243165188,80892,620,1,22,Philadelphia
94,206241894201,80888,620,1,22,Philadelphia
94,106242044243,80889,620,1,22,Philadelphia
94,106242474313,80891,620,1,22,Philadelphia
94,106043165188,81164,622,1,22,Philadelphia
94,106242475188,81170,640,1,21,New York
94,106243165188,81180,643,0,23,Harrisburg
94,106243165188,81190,650,1,21,New York
94,106243165188,81199,651,0,23,Harrisburg
94,206041894200,81160,622,1,22,Philadelphia
94,106042044242,81161,622,1,22,Philadelphia
94,106042474312,81163,622,1,22,Philadelphia
94,206241894243,81168,640,1,21,New York
94,206041894242,81175,643,0,,Lancaster
94,100241944236,81176,643,0,23,Harrisburg
94,100242434313,81177,643,0,23,Harrisburg
94,106042474312,81179,643,0,,Lancaster
94,206041894228,81185,650,1,,New York
94,100241944313,81186,650,1,21,New York
94,106042324242,81187,650,1,,New York
94,106042474312,81189,650,1,,New York
94,106241944201,81195,651,0,23,Harrisburg
94,106242044243,81196,651,0,23,Harrisburg
94,106242474313,81198,651,0,23,Harrisburg
94,106242535188,82031,639,0,24,Philadelphia
94,200241894208,82029,639,0,24,Philadelphia
94,100242154250,82030,639,0,24,Philadelphia
94,106243165188,82067,658,1,21,New York
94,206041894200,82058,618,1,22,Philadelphia
94,106042044242,82059,618,1,22,Philadelphia
94,102842474249,82061,618,1,22,Philadelphia
94,200241894201,82064,658,1,21,New York
94,100242084250,82065,658,1,21,New York
94,106242534313,82066,658,1,21,New York
26025,312741895188,60117,702,1,224,Bakersfield
26025,312741895188,60120,703,0,222,Sacramento
26025,312741895188,60126,712,1,223,Bakersfield
26025,312741895188,60132,714,1,223,Bakersfield
26025,312741895188,60138,717,0,221,Oakland
26025,312741895188,62770,713,0,221,Oakland
26025,312741895188,68837,710,1,223,Bakersfield
26025,312741895188,71427,718,1,223,Bakersfield
26025,312741895188,71432,711,0,221,Oakland
26025,312741895188,74170,716,1,223,Bakersfield
26025,312741895188,74190,715,0,221,Oakland
26025,312741895188,74388,719,0,221,Oakland
69,112742955188,78908,89,1,103,Savannah
69,206241894201,78903,89,1,103,Savannah
69,106541954210,78904,89,1,103,Savannah
69,106242044222,78905,89,1,103,Savannah
69,106542164224,78906,89,1,103,Savannah
69,112742254294,78907,89,1,103,Savannah
69,112742255188,79316,90,0,104,New York
69,212741894194,79312,90,0,104,New York
69,106541954210,79313,90,0,104,New York
69,106241974222,79314,90,0,104,New York
69,106542164224,79315,90,0,104,New York
80,306541895188,63674,352,1,52,Pontiac
80,306241895188,63676,352,1,52,Pontiac
80,306541895188,63685,354,1,52,Pontiac
80,306241895188,63687,354,1,52,Pontiac
80,306541895188,69997,351,0,53,Chicago
80,306241895188,69999,351,0,53,Chicago
80,306241895188,70326,355,0,53,Chicago
80,306541895188,70328,355,0,53,Chicago
80,306541895188,80633,350,1,52,Pontiac
80,106242925188,80640,350,1,52,Pontiac
80,200241894236,80632,350,1,52,Pontiac
80,103442434246,80637,350,1,52,Pontiac
80,100242504285,80639,350,1,52,Pontiac
80,306541895188,81384,353,0,53,Chicago
80,106242925188,81392,353,0,53,Chicago
80,100241944236,81388,353,0,53,Chicago
80,103442434246,81389,353,0,53,Chicago
80,100242504285,81391,353,0,53,Chicago
42956,306241895188,45993,364,1,,Port Huron
42956,306541895188,45994,364,1,,Port Huron
42956,306541895188,70001,365,0,,Chicago
42956,306241895188,70003,365,0,,Chicago
42958,312741895188,21801,6089,1,,Swansboro
42958,312741895188,21809,6189,1,,Wilmington
42958,312741895188,21813,6190,0,,Wilson
42958,312741895188,21817,6090,0,,Wilson
42920,312741895188,45341,8904,0,,Newton
42920,312741895188,78413,8903,1,,Oklahoma City
36926,312741895188,45976,319,1,,Kansas City
36926,312741895188,46274,318,0,,Chicago
55,312741895188,45998,370,1,27,Grand Rapids
55,312741895188,46282,371,0,28,Chicago
60,312741895188,46208,507,1,292,Eugene
60,312741895188,50559,509,1,293,Portland
60,312741895188,53365,506,0,290,Seattle
60,312741895188,53966,517,1,,Portland
60,312741895188,54021,518,0,291,Vancouver
60,312741895188,64435,516,0,,Vancouver
60,312741895188,64438,519,1,297,Seattle
60,312741895188,70737,511,1,293,Portland
60,312741895188,77776,502,0,290,Seattle
60,312741895188,77779,503,1,292,Eugene
60,312741895188,77782,505,1,293,Portland
60,312741895188,78790,500,0,290,Seattle
60,312741895188,80917,508,0,289,Seattle
60,312741895188,81696,504,0,289,Seattle
42951,312741895188,47230,301,1,,St. Louis
42951,312741895188,47239,306,0,,Chicago
42951,312741895188,47251,307,1,,St. Louis
42951,312741895188,47348,305,1,,St. Louis
42951,312741895188,47375,300,0,,Chicago
42951,312741895188,61889,302,0,,Chicago
36948,312741895188,47242,311,0,255,Kansas City
36948,312741895188,47245,316,1,257,St. Louis
36924,112750685188,68472,14,0,,Seattle
36924,212741895066,68470,14,0,,Seattle
36924,100150675067,68471,14,0,,Seattle
36924,112750685188,69846,11,1,314,Los Angeles
36924,212741895066,69844,11,1,314,Los Angeles
36924,100150675067,69845,11,1,314,Los Angeles
36923,112442465188,68506,20,0,244,New York
36923,100350735188,68508,20,0,244,New York
36923,200341895066,68500,20,0,244,New York
36923,212441894242,68504,20,0,244,New York
36923,106442454245,68505,20,0,244,New York
36923,100150675067,68507,20,0,244,New York
36923,112750685188,78964,19,1,242,New Orleans
36923,212741894194,78958,19,1,242,New Orleans
36923,106541954210,78959,19,1,242,New Orleans
36923,106241974222,78960,19,1,242,New Orleans
36923,106542164224,78961,19,1,242,New Orleans
36923,112742255066,78962,19,1,242,New Orleans
36923,100150675067,78963,19,1,242,New Orleans
81,112750685188,68526,449,0,125,Chicago
81,212741895066,68524,449,0,125,Chicago
81,100150675067,68525,449,0,125,Chicago
81,112750685188,81779,49,0,128,Chicago
81,212741894222,81774,49,0,128,Chicago
81,106542234238,81775,49,0,128,Chicago
81,106242254236,81776,49,0,128,Chicago
81,112742395066,81777,49,0,128,Chicago
81,100150675067,81778,49,0,128,Chicago
81,112750685188,82240,48,1,127,New York
81,212741894238,82237,48,1,127,New York
81,112742395066,82238,48,1,127,New York
81,100150675067,82239,48,1,127,New York
81,112750685188,82257,448,1,126,Boston
81,212741894238,82253,448,1,126,Boston
81,112742394246,82254,448,1,126,Boston
81,112742475066,82255,448,1,126,Boston
81,100150675067,82256,448,1,126,Boston
58,102150705188,68535,50,1,187,New York
58,202141895065,68533,50,1,187,New York
58,100150675067,68534,50,1,187,New York
58,107442975188,79191,51,0,188,Chicago
58,207441894194,79186,51,0,188,Chicago
58,106441964210,79187,51,0,188,Chicago
58,101041994222,79188,51,0,188,Chicago
58,106442174224,79189,51,0,188,Chicago
58,107442274294,79190,51,0,188,Chicago
42946,112750685188,68484,58,0,,Chicago
42946,112750685188,68487,59,1,,New Orleans
42946,212741895066,68482,58,0,,Chicago
42946,100150675067,68483,58,0,,Chicago
42946,212741895066,68485,59,1,,New Orleans
42946,100150675067,68486,59,1,,New Orleans
70,112750685188,68544,92,0,115,New York
70,212741895066,68542,92,0,115,New York
70,100150675067,68543,92,0,115,New York
70,112750685188,78916,91,1,116,Miami
70,212741894194,78909,91,1,116,Miami
70,106541954210,78910,91,1,116,Miami
70,106241974222,78911,91,1,116,Miami
70,106542164224,78912,91,1,116,Miami
70,112742254294,78913,91,1,116,Miami
70,112742955066,78914,91,1,116,Miami
70,100150675067,78915,91,1,116,Miami
42947,112642465188,68884,98,0,,New York
42947,100150745188,68886,98,0,,New York
42947,200141895060,68880,98,0,,New York
42947,212641894243,68882,98,0,,New York
42947,106442454245,68883,98,0,,New York
42947,100150675067,68885,98,0,,New York
42947,112750685188,79016,97,1,,Miami
42947,212741894194,79009,97,1,,Miami
42947,106541954210,79010,97,1,,Miami
42947,106241974222,79011,97,1,,Miami
42947,106542164224,79012,97,1,,Miami
42947,112742254294,79013,97,1,,Miami
42947,112742955066,79014,97,1,,Miami
42947,100150675067,79015,97,1,,Miami
43,312741895188,58271,8822,1,,Temple
43,112750695188,69920,8722,0,,Fort Cavazos
43,212741895067,69918,8722,0,,Fort Cavazos
43,106450685068,69919,8722,0,,Fort Cavazos
43,112750695188,82002,8721,0,,Fort Cavazos
43,211941894198,81999,8721,0,,Fort Cavazos
43,112741995067,82000,8721,0,,Fort Cavazos
43,106450685068,82001,8721,0,,Fort Cavazos
43,112750695188,82006,8821,1,,Temple
43,212741894198,82003,8821,1,,Temple
43,112741995067,82004,8821,1,,Temple
43,106450685068,82005,8821,1,,Temple
68,112742445188,78624,63,0,,Toronto
68,212741894243,78623,63,0,,Toronto
68,112742445188,81783,64,1,198,New York
68,212741894222,81780,64,1,198,New York
68,106542234238,81781,64,1,198,New York
68,106242254243,81782,64,1,198,New York
64,312741895188,59230,42,1,,New York
64,312741895188,59233,43,0,,Pittsburgh
42957,112743095188,59930,380,1,,Chicago
42957,112743095188,59936,383,0,,Quincy
42957,212741894308,59929,380,1,,Chicago
42957,212741894308,59935,383,0,,Quincy
72,112743095188,59932,381,0,69,Quincy
72,212741894308,59931,381,0,69,Quincy
72,112743095188,62001,382,1,70,Chicago
72,212741894308,62000,382,1,70,Chicago
18650,312741895188,59956,8358,0,,St. Louis
18650,312741895188,59959,8359,1,,Carbondale
18650,112741995188,81994,5521,1,,Springfield
18650,112742005188,81996,5522,0,,Galesburg
18650,212741894198,81993,5521,1,,Springfield
18650,212741894199,81995,5522,0,,Galesburg
42935,312741895188,78408,8391,0,,St. Paul
42935,312741895188,78411,8396,1,,Milwaukee
42935,312741895188,81652,8387,0,,La Crosse
42935,312741895188,81656,8388,1,,Milwaukee
79,312741895188,61886,78,1,107,Raleigh
79,112742225188,80662,71,0,108,Charlotte
79,112742225188,80666,72,1,107,Raleigh
79,112742225188,80670,73,0,108,Charlotte
79,112742225188,80678,75,0,108,Charlotte
79,206041894221,80660,71,0,108,Charlotte
79,106741944217,80661,71,0,108,Charlotte
79,206041894221,80664,72,1,,Greensboro
79,106741944217,80665,72,1,107,Raleigh
79,206041894221,80668,73,0,,Charlotte
79,106741944217,80669,73,0,108,Charlotte
79,206041894221,80676,75,0,,Charlotte
79,106741944217,80677,75,0,108,Charlotte
79,112742225188,80688,74,1,107,Raleigh
79,112742225188,80692,76,1,107,Raleigh
79,112742225188,80696,77,0,108,Charlotte
79,206041894221,80686,74,1,,Greensboro
79,106741944217,80687,74,1,107,Raleigh
79,206041894221,80690,76,1,107,Raleigh
79,106741944217,80691,76,1,107,Raleigh
79,206041894221,80694,77,0,,Charlotte
79,106741944217,80695,77,0,108,Charlotte
42992,200241894243,62484,1235,0,,Pittsfield
42992,206441894238,77131,1246,1,,New York
42992,103242464246,77133,1246,1,,New York
42992,206441894217,81790,1233,0,,Pittsfield
42992,106442244238,81791,1233,0,,Pittsfield
42992,103242464246,81793,1233,0,,Pittsfield
54,312741895188,64418,334,1,20,Chicago
54,312741895188,70071,335,0,19,Milwaukee
54,312741895188,70073,337,0,19,Milwaukee
54,312741895188,70075,339,0,19,Milwaukee
54,312741895188,70077,341,0,19,Milwaukee
54,300241895188,70079,343,0,19,Milwaukee
54,106342475188,70087,330,1,20,Chicago
54,312741895188,70089,332,1,20,Chicago
54,312741895188,70091,336,1,20,Chicago
54,312741895188,70093,338,1,20,Chicago
54,312741895188,70095,342,1,20,Chicago
54,206341894244,70085,330,1,20,Chicago
54,312741895188,78405,331,0,19,Milwaukee
54,106242475188,81750,329,0,19,Milwaukee
54,206241894243,81748,329,0,19,Milwaukee
42991,312741895188,64421,1333,0,,St. Paul
42991,312741895188,64424,1340,1,,Chicago
86,312741895188,68276,821,1,17,Fort Worth
86,312741895188,68279,822,0,18,Oklahoma City
96,100142094209,82496,1005,0,,Emeryville
96,100142374237,82499,1005,0,,Emeryville
96,100150675067,82502,1005,0,173,Emeryville
96,100142094209,82507,1006,1,,Chicago
96,100142374237,82510,1006,1,,Chicago
96,100150675067,82513,1006,1,174,Chicago
96,112750685188,82548,5,0,173,Emeryville
96,112750685188,82556,6,1,174,Chicago
96,212741894207,82541,5,0,173,Emeryville
96,100242084208,82542,5,0,,Denver
96,112742094235,82543,5,0,173,Emeryville
96,100242364236,82544,5,0,,Denver
96,112742375065,82545,5,0,173,Emeryville
96,100250665066,82546,5,0,173,Emeryville
96,212741894207,82549,6,1,174,Chicago
96,100242084208,82550,6,1,,Grand Junction
96,112742094235,82551,6,1,174,Chicago
96,100242364236,82552,6,1,,Grand Junction
96,112742375065,82553,6,1,174,Chicago
96,100250665066,82554,6,1,174,Chicago
75,112750685188,68434,28,1,243,Chicago
75,112750685188,68459,7,0,184,Seattle
75,112750685188,68464,8,1,186,Chicago
75,100150675067,68411,1007,0,184,Seattle
75,100150675067,68415,1008,1,186,Chicago
75,100150675067,68419,1027,0,241,Portland
75,100150675067,68423,1028,1,243,Chicago
75,212741894278,68430,28,1,243,Chicago
75,112742795065,68431,28,1,243,Chicago
75,100250665066,68432,28,1,243,Chicago
75,212741894278,68455,7,0,184,Seattle
75,112742795065,68456,7,0,184,Seattle
75,100250665066,68457,7,0,184,Seattle
75,212741894278,68460,8,1,186,Chicago
75,112742795065,68461,8,1,186,Chicago
75,100250665066,68462,8,1,186,Chicago
75,112750685188,79536,27,0,241,Portland
75,212741894278,79532,27,0,241,Portland
75,112742795065,79533,27,0,241,Portland
75,100250665066,79534,27,0,241,Portland
63,312741895188,68639,390,0,109,Chicago
63,312741895188,68682,391,1,110,Carbondale
56,312741895188,68650,393,1,122,Carbondale
56,312741895188,68688,392,0,121,Chicago
77,312741895188,69810,53,1,5,Sanford
77,312741895188,69813,52,0,6,Lorton
42912,103250695069,69866,8103,0,,Las Vegas
42912,112750695188,78472,8003,0,,Las Vegas
42912,212741894307,78469,8003,0,,Las Vegas
42912,112743095068,78471,8003,0,,Las Vegas
42912,112750695188,78476,8004,1,,Kingman
42912,212741894306,78474,8004,1,,Kingman
42912,112743075068,78475,8004,1,,Kingman
33820,108450705188,82128,8601,1,,Maricopa
33820,108450705188,82133,8901,0,,Phoenix
33820,108441964305,82126,8601,1,,Maricopa
33820,108443085068,82127,8601,1,,Maricopa
33820,108441964305,82131,8901,0,,Phoenix
33820,108443085068,82132,8901,0,,Phoenix
33820,103750695188,82138,8602,1,,Maricopa
33820,103750695188,82143,8902,0,,Phoenix
33820,103741954307,82136,8602,1,,Maricopa
33820,103743095067,82137,8602,1,,Maricopa
33820,103741954307,82141,8902,0,,Phoenix
33820,103743095067,82142,8902,0,,Phoenix
42891,112750695188,69879,8853,1,,Flagstaff
42891,112750695188,69882,8854,1,,Flagstaff
42891,112750695188,69891,8953,0,,Williams
42891,112750695188,69894,8954,0,,Williams
42891,212741894307,69877,8853,1,,Flagstaff
42891,112743085068,69878,8853,1,,Flagstaff
42891,212741894307,69880,8854,1,,Flagstaff
42891,112743085068,69881,8854,1,,Flagstaff
42891,212741894307,69889,8953,0,,Williams
42891,112743085068,69890,8953,0,,Williams
42891,212741894307,69892,8954,0,,Williams
42891,112743085068,69893,8954,0,,Williams
23565,112750695188,69943,7104,1,,Lamy
23565,112750695188,69949,7204,0,,Los Alamos
23565,212741895067,69941,7104,1,,Lamy
23565,106450685068,69942,7104,1,,Lamy
23565,212741895067,69947,7204,0,,Los Alamos
23565,106450685068,69948,7204,0,,Los Alamos
23565,112750695188,78346,7103,0,,Los Alamos
23565,112750695188,78350,7203,1,,Lamy
23565,212741895067,78344,7103,0,,Los Alamos
23565,106450685068,78345,7103,0,,Los Alamos
23565,212741895067,78348,7203,1,,Lamy
23565,106450685068,78349,7203,1,,Lamy
36949,112741945188,82243,290,1,,New York
36949,312741895188,82246,291,0,,Burlington
31849,312741895188,72649,7097,1,,Canadian Border
31849,312741895188,72653,7098,0,,Toronto
61,106242475188,75172,680,1,153,Boston
61,106242895188,75184,682,1,153,Boston
61,306541895188,75185,690,1,153,Boston
61,106542935188,75195,692,1,153,Boston
61,106542935188,75215,697,0,152,Brunswick
61,106542935188,75219,698,1,153,Boston
61,206241894243,75170,680,1,153,Boston
61,206241894243,75181,682,1,153,Boston
61,106242474288,75183,682,1,153,Boston
61,103242464246,75187,690,1,153,Boston
61,206541894287,75192,692,1,153,Boston
61,103242464246,75194,692,1,153,Boston
61,206541894287,75212,697,0,152,Brunswick
61,103242464246,75214,697,0,152,Brunswick
61,206541894287,75216,698,1,153,Boston
61,103242464246,75218,698,1,153,Boston
61,106242895188,75473,685,0,152,Brunswick
61,106242895188,75485,687,0,152,Brunswick
61,106242895188,75491,688,1,153,Boston
61,206241894243,75470,685,0,152,Brunswick
61,106242474288,75472,685,0,152,Brunswick
61,206241894243,75482,687,0,152,Brunswick
61,106242474288,75484,687,0,152,Brunswick
61,206241894243,75488,688,1,153,Boston
61,106242474288,75490,688,1,153,Boston
61,106542935188,78797,695,0,152,Brunswick
61,206541894287,78794,695,0,152,Brunswick
61,103242464246,78796,695,0,152,Brunswick
61,203041894194,81831,1689,0,152,Brunswick
61,108742004205,81832,1689,0,152,Brunswick
61,105142084212,81834,1689,0,152,Brunswick
61,104342154220,81835,1689,0,152,Brunswick
61,105142224226,81836,1689,0,152,Brunswick
61,106242364242,81837,1689,0,152,Brunswick
61,100142444244,81838,1689,0,152,Brunswick
61,106242895188,81882,689,0,152,Brunswick
61,106542935188,81895,699,0,152,Brunswick
61,105641974204,81870,689,0,152,Brunswick
61,101242064214,81872,689,0,152,Brunswick
61,102042194221,81875,689,0,152,Brunswick
61,106242274235,81877,689,0,152,Brunswick
61,100242434243,81879,689,0,152,Brunswick
61,106242474288,81881,689,0,152,Brunswick
61,206541894196,81885,699,0,152,Brunswick
61,106442104217,81888,699,0,152,Brunswick
61,106542244238,81891,699,0,152,Brunswick
61,106542454287,81893,699,0,152,Brunswick
61,103242464246,81894,699,0,152,Brunswick
61,106242895188,82282,681,0,152,Brunswick
61,106242895188,82290,686,1,153,Boston
61,206241894198,82275,681,0,152,Brunswick
61,100841994199,82276,681,0,,Dover
61,106242004229,82277,681,0,152,Brunswick
61,106242324236,82278,681,0,,Dover
61,106242394243,82279,681,0,152,Brunswick
61,106242474288,82281,681,0,152,Brunswick
61,206241894198,82283,686,1,153,Boston
61,100841994199,82284,686,1,,Boston
61,106242004229,82285,686,1,153,Boston
61,106242324236,82286,686,1,,Boston
61,106242394243,82287,686,1,153,Boston
61,106242474288,82289,686,1,153,Boston
61,106542935188,82313,691,0,152,Brunswick
61,106542935188,82318,696,1,153,Boston
61,206541894230,82309,691,0,152,Brunswick
61,106542314238,82310,691,0,,Dover
61,106542444287,82311,691,0,152,Brunswick
61,103242464246,82312,691,0,152,Brunswick
61,206541894230,82314,696,1,153,Boston
61,106542314238,82315,696,1,,Boston
61,106542444287,82316,696,1,153,Boston
61,103242464246,82317,696,1,153,Boston
61,106242895188,82329,683,0,152,Brunswick
61,106242895188,82337,684,1,153,Boston
61,106542935188,82342,693,0,152,Brunswick
61,106542935188,82347,694,1,153,Boston
61,206241894198,82322,683,0,152,Brunswick
61,106242004229,82324,683,0,152,Brunswick
61,106242394243,82326,683,0,152,Brunswick
61,106242474288,82328,683,0,152,Brunswick
61,206241894198,82330,684,1,153,Boston
61,106242004229,82332,684,1,153,Boston
61,106242394243,82334,684,1,153,Boston
61,106242474288,82336,684,1,153,Boston
61,206541894230,82338,693,0,152,Brunswick
61,106542444287,82340,693,0,152,Brunswick
61,103242464246,82341,693,0,152,Brunswick
61,206541894230,82343,694,1,153,Boston
61,106542444287,82345,694,1,153,Boston
61,103242464246,82346,694,1,153,Boston
41044,306541895188,76980,400,0,317,Greenfield
41044,103242464246,76982,400,0,317,Greenfield
41044,306541895188,77003,461,1,315,New Haven
41044,306541895188,77011,488,0,316,Greenfield
41044,103242464246,77005,461,1,315,New Haven
41044,103242464246,77013,488,0,316,Greenfield
41044,306541895188,77035,499,1,320,Springfield
41044,103242464246,77037,499,1,320,Springfield
41044,106243095188,77050,471,1,315,New Haven
41044,106242475188,77074,478,0,,Springfield
41044,206241894243,77047,471,1,,New Haven
41044,106242474306,77049,471,1,,New Haven
41044,206241894243,77072,478,0,,Springfield
41044,106242475188,79702,494,0,316,Greenfield
41044,106242475188,79728,486,0,316,Greenfield
41044,200641894194,79699,494,0,,Northampton
41044,106241974243,79700,494,0,316,Greenfield
41044,200641894194,79725,486,0,,Northampton
41044,106241974243,79726,486,0,316,Greenfield
41044,200641894194,79732,425,1,,Springfield
41044,106241974243,79733,425,1,320,Springfield
41044,106242474306,79735,425,1,320,Springfield
41044,106242475188,80452,495,1,,New Haven
41044,206241894243,80450,495,1,,New Haven
41044,106242475188,81156,479,1,315,New Haven
41044,200641894194,81153,479,1,,New Haven
41044,106241974243,81154,479,1,315,New Haven
51,100150675067,77243,1003,0,270,Los Angeles
51,100150675067,77364,1004,1,118,Chicago
51,112750685188,78231,3,0,270,Los Angeles
51,112750685188,78240,4,1,118,Chicago
51,212741894306,78227,3,0,270,Los Angeles
51,112743075065,78228,3,0,270,Los Angeles
51,100250665066,78229,3,0,270,Los Angeles
51,212741894306,78236,4,1,118,Chicago
51,112743075065,78237,4,1,118,Chicago
51,100250665066,78238,4,1,118,Chicago
95,112743355188,81789,69,0,4,Montreal
95,212741894222,81784,69,0,,Saratoga Springs
95,106542234238,81785,69,0,,Saratoga Springs
95,106242254236,81786,69,0,,Saratoga Springs
95,112742394252,81787,69,0,,Saratoga Springs
95,112742534334,81788,69,0,4,Montreal
95,112742545188,81808,68,1,3,New York
95,212741894222,81804,68,1,,New York
95,106542234238,81805,68,1,,New York
95,106242254236,81806,68,1,,New York
95,112742394253,81807,68,1,,New York
85,106543005188,78900,79,1,178,Charlotte
85,106243095188,78901,79,1,178,Charlotte
85,206241894243,78894,79,1,178,Charlotte
85,106541954224,78895,79,1,178,Charlotte
85,106542304294,78896,79,1,178,Charlotte
85,103242464246,78897,79,1,178,Charlotte
85,106242474292,78898,79,1,178,Charlotte
85,106242954306,78899,79,1,178,Charlotte
85,105742255188,79380,80,0,177,New York
85,107042285188,79381,80,0,177,New York
85,207041894194,79371,80,0,177,New York
85,100141954209,79374,80,0,177,New York
85,106441964210,79375,80,0,177,New York
85,105641974220,79376,80,0,177,New York
85,100642004222,79377,80,0,177,New York
85,100142164223,79378,80,0,177,New York
85,106442174224,79379,80,0,177,New York
87,112750685188,81921,21,0,272,San Antonio
87,212741894197,81918,21,0,272,San Antonio
87,112741985066,81919,21,0,272,San Antonio
87,100150675067,81920,21,0,272,San Antonio
87,108250685188,82103,421,0,193,Los Angeles
87,106641944196,82099,421,0,193,Los Angeles
87,108241984303,82100,421,0,193,Los Angeles
87,108243065063,82101,421,0,193,Los Angeles
87,100250665066,82102,421,0,193,Los Angeles
87,112750685188,82379,22,1,274,Chicago
87,107450685188,82385,422,1,195,Chicago
87,212741894198,82376,22,1,274,Chicago
87,112741995066,82377,22,1,274,Chicago
87,100150675067,82378,22,1,274,Chicago
87,206641894196,82380,422,1,195,Chicago
87,107441994304,82382,422,1,195,Chicago
87,100243064306,82383,422,1,195,Chicago
87,107443085066,82384,422,1,195,Chicago
90,106243095188,79633,55,1,190,Washington
90,106242475188,79648,56,0,191,St Albans
90,205441894198,79628,55,1,,Washington
90,106241994222,79629,55,1,190,Washington
90,106242254243,79630,55,1,190,Washington
90,106242474306,79632,55,1,190,Washington
90,205441894198,79644,56,0,,New Haven
90,106241994222,79645,56,0,191,St Albans
90,106242254243,79646,56,0,191,St Albans
90,106543145188,81608,57,1,190,Washington
90,106541954196,81602,57,1,,Washington
90,106542024210,81603,57,1,190,Washington
90,106542164224,81604,57,1,190,Washington
90,106542304294,81605,57,1,190,Washington
90,103242464246,81606,57,1,190,Washington
90,106543004308,81607,57,1,190,Washington
90,106542375188,81640,54,0,191,St Albans
90,106541954196,81637,54,0,,New Haven
90,106542024224,81638,54,0,191,St Albans
90,106542304231,81639,54,0,191,St Albans
90,103242464246,81641,54,0,191,St Albans
36922,112750685188,79899,29,0,238,Chicago
36922,112750685188,79904,30,1,240,Washington
36922,212741895066,79897,29,0,238,Chicago
36922,100150675067,79898,29,0,238,Chicago
36922,212741895066,79902,30,1,240,Washington
36922,100150675067,79903,30,1,240,Washington
